389 159 322 248 291 452 211 282 332 237 226 252 206 256 196 300
359 287 403 249 422 539 273 333 328 310 321 375 274 356 238 372
352 347 377 331 367 518 203 347 402 347 316 394 330 381 291 405
380 283 464 311 387 533 281 406 424 378 335 377 369 383 310 399
276 221 352 264 275 437 217 259 298 280 265 321 239 320 214 271
300 254 351 297 312 425 220 338 330 275 255 304 237 287 212 275
298 283 315 213 350 467 202 306 345 313 284 326 314 334 275 391
442 327 423 394 359 585 261 375 429 333 346 394 314 385 269 419
358 240 348 261 347 467 198 332 350 285 343 386 287 320 199 339
372 207 354 327 320 473 216 340 420 338 261 243 272 284 243 357
332 199 314 256 325 423 177 293 351 262 339 285 272 291 166 327
426 316 428 336 368 591 301 348 382 329 337 364 344 417 307 436
373 301 386 315 375 496 279 306 316 300 316 380 295 340 263 348
434 304 391 342 365 548 233 423 427 349 312 374 354 393 344 440
362 294 345 341 298 473 227 385 350 261 243 312 227 298 206 320
304 182 307 249 233 357 175 268 321 245 167 268 217 228 211 243
