0 0 0 0 0 0 0 0 0 0 0 0 0 0 0 0
0 0 0 0 0 40 0 5 0 0 0 0 21 0 0 0
0 0 0 0 0 0 0 0 0 0 0 0 0 0 0 0
0 0 45 15 0 0 0 0 15 0 0 0 0 0 0 0
0 0 0 0 0 0 0 0 0 0 0 0 0 0 0 0
10 0 0 0 0 0 0 0 0 0 0 25 0 0 0 0
0 0 27 9 0 24 0 0 9 0 0 0 0 0 0 0
7 0 0 16 7 0 9 24 0 0 0 0 0 0 0 2
0 0 0 0 0 0 0 0 0 0 0 0 0 0 0 0
28 0 18 6 0 42 0 0 6 0 0 0 0 0 0 0
91 0 0 0 0 0 0 0 0 0 0 0 15 0 0 0
0 0 0 0 0 40 0 5 0 0 0 0 0 0 0 0
35 0 0 0 0 0 0 0 0 0 0 0 0 0 0 0
0 0 0 0 0 0 0 0 0 0 0 0 0 0 0 0
0 0 0 4 0 0 0 6 0 0 0 0 0 0 0 0
0 0 32 0 0 0 24 0 24 0 0 0 0 0 12 4
