0 0 63 0 0 81 0 0 2 0 0 0 81 0 0 27
12 0 0 9 14 21 0 0 0 0 42 0 0 14 0 0
0 0 0 0 0 0 0 0 0 0 0 0 0 0 0 0
28 0 0 21 0 49 0 0 0 0 0 0 0 0 0 0
0 0 21 0 0 27 0 0 0 0 0 0 27 0 0 0
0 0 0 9 0 0 0 0 0 0 0 0 0 0 0 0
0 0 56 0 0 72 0 27 0 72 0 0 72 0 0 0
0 0 0 0 4 0 0 0 7 0 12 0 0 4 0 21
0 0 0 0 0 0 0 0 0 0 0 0 0 0 0 0
0 0 0 0 0 0 0 0 0 0 0 0 0 0 0 0
0 0 56 0 0 72 0 3 0 8 0 0 72 0 0 0
0 0 0 0 0 0 0 0 0 0 0 0 0 0 0 0
0 0 0 0 0 0 0 0 0 0 0 0 21 0 0 0
32 0 0 24 0 56 0 3 0 8 0 0 0 0 0 27
0 0 0 0 45 8 0 0 36 54 0 0 0 0 0 0
0 0 0 0 0 0 0 0 0 0 0 0 0 0 0 0
