253 334 306 299 252 190 207 225 280 237 236 233 194 273 210 253
367 341 293 362 354 287 297 338 284 300 336 348 255 351 265 340
414 425 348 446 432 329 335 384 348 363 424 415 332 445 284 315
340 322 367 427 359 315 230 319 310 303 307 295 355 437 281 321
345 359 408 357 347 222 210 300 373 273 312 257 331 414 282 271
406 393 370 358 316 258 334 304 361 257 395 264 303 409 289 248
288 354 263 276 262 173 236 320 271 265 276 320 192 305 212 249
255 312 291 281 253 198 236 237 313 197 279 240 270 315 260 231
335 265 356 327 308 262 201 231 264 224 301 256 299 402 272 288
387 457 454 451 413 274 261 324 388 365 369 383 334 462 336 368
519 389 366 448 358 253 318 396 347 347 512 407 352 425 342 358
372 423 380 379 394 254 340 347 353 323 444 382 324 403 320 315
405 412 363 408 343 260 252 386 355 340 381 380 342 490 302 284
305 299 286 259 246 209 220 261 260 202 292 272 259 347 252 250
349 411 394 355 382 256 283 351 365 291 355 362 309 448 310 304
432 468 396 464 388 340 322 345 400 304 379 348 351 506 344 345
