0 0 0 9 0 0 14 9 0 63 0 0 0 18 0 27
0 0 0 0 0 0 0 0 0 0 0 0 0 0 0 0
0 0 0 0 0 0 0 0 0 0 0 0 0 0 0 0
0 0 0 0 0 18 0 0 0 0 0 0 25 0 0 0
0 0 0 0 0 0 0 0 0 0 0 0 0 0 0 0
0 0 0 0 0 0 0 0 0 0 0 3 0 0 15 0
0 9 0 0 0 3 0 0 0 0 0 0 0 0 0 0
0 49 14 0 0 0 0 0 0 0 0 0 0 7 0 0
0 0 0 0 0 0 0 0 0 0 0 0 15 0 15 0
0 0 0 0 0 0 0 0 0 0 0 0 0 0 27 0
0 0 0 0 0 63 0 0 0 0 0 0 0 0 0 0
0 0 0 0 0 0 0 0 0 0 0 0 0 0 0 0
0 0 0 0 0 0 0 0 0 0 0 5 0 0 15 0
0 0 0 0 0 0 0 0 0 0 0 0 0 0 0 0
0 0 0 0 0 54 0 0 0 0 0 0 0 0 0 0
0 35 10 0 0 0 20 36 0 0 0 0 0 5 0 0
