298 462 408 446 392 559 525 514 500 510 488 495 478 439 404 506
188 333 331 324 329 428 444 424 364 422 463 438 406 377 331 425
224 382 343 344 322 413 399 452 360 418 455 451 334 436 353 453
209 285 278 317 260 353 393 347 316 333 339 420 388 377 255 384
213 380 328 405 355 492 413 468 349 428 436 444 366 399 344 486
230 337 317 300 330 429 305 374 353 348 339 324 296 287 297 307
301 445 339 421 252 384 344 460 387 324 414 397 337 361 315 416
215 335 359 362 346 459 382 443 397 414 344 319 337 286 330 384
140 196 202 200 207 268 237 295 239 222 260 239 212 232 279 269
244 381 328 403 309 466 374 455 442 392 387 330 362 269 337 391
182 302 216 335 275 369 254 329 276 256 366 353 329 251 266 315
182 314 229 296 195 288 305 316 298 291 332 270 278 230 245 275
212 375 329 397 317 426 442 457 370 425 403 299 360 317 339 430
179 308 321 307 298 343 431 398 292 426 358 366 342 368 248 390
183 334 218 320 288 414 348 378 291 354 351 325 304 316 268 381
233 367 300 349 317 448 299 383 357 335 321 260 299 214 276 303
