0 0 0 0 0 0 0 0 0 0 0 0 0 0 0 0 0 0 0 0 0 0 0 0 0 0 0 0 0 0 0 0 0 18 0 0 0 0 0 0 0 0 0 0 0 0 6 0 0 0 0 0 0 0 6 0 0 8 0 0 0 0 0 0
42 0 0 0 0 0 0 12 35 42 0 35 48 18 56 0 0 0 0 0 0 7 0 7 0 54 0 0 0 0 0 0 0 27 0 0 0 0 0 0 0 0 37 0 12 0 94 36 0 0 0 0 0 0 9 18 37 12 0 42 0 90 0 0
0 36 20 0 0 0 24 0 4 44 0 24 20 0 0 0 0 8 0 0 0 0 20 0 12 0 6 0 36 0 32 0 0 4 0 0 0 24 0 0 0 0 0 0 26 52 0 16 32 0 48 0 0 10 0 88 0 0 12 60 0 0 0 42
7 0 0 0 0 0 56 0 0 6 0 0 14 6 0 0 20 8 70 10 0 0 16 0 15 0 49 0 56 63 0 27 0 0 0 7 0 21 0 6 0 0 21 0 63 36 0 0 0 4 0 0 72 0 0 58 0 18 0 21 56 0 0 8
0 54 0 0 0 0 0 21 0 18 0 36 0 0 0 0 0 0 0 0 0 0 6 12 18 0 0 0 54 0 0 0 0 0 15 0 0 0 0 0 0 0 18 0 9 72 0 0 0 0 0 0 0 0 12 72 3 0 18 0 0 0 0 63
0 0 32 18 0 0 0 0 0 32 0 0 0 0 0 18 0 0 10 0 0 0 4 0 0 0 18 0 0 0 0 24 2 4 0 0 0 2 0 0 0 0 0 0 0 6 0 0 0 0 0 15 8 16 0 64 0 0 0 0 0 0 0 0
0 0 24 0 0 0 64 0 0 0 23 0 28 24 0 0 56 6 48 0 0 0 0 18 0 0 68 32 12 104 0 4 0 0 0 0 24 24 24 0 0 20 24 20 0 3 0 0 0 0 0 0 24 0 0 48 46 0 0 0 36 0 0 24
35 12 0 0 0 42 0 0 49 4 63 8 0 30 0 54 15 40 30 14 28 0 12 63 4 42 0 0 12 0 0 0 6 12 0 35 0 6 0 42 0 0 0 0 0 34 0 0 0 0 0 0 0 0 14 16 0 49 4 5 0 0 0 14
44 35 0 0 0 0 40 0 8 0 46 14 10 15 0 0 13 0 54 9 27 0 15 9 0 69 47 0 12 45 5 27 90 48 8 0 0 15 2 9 9 41 15 0 0 0 0 0 0 0 0 0 0 0 72 45 55 49 0 0 0 0 0 0
63 0 0 0 0 0 30 0 0 9 0 0 15 43 64 0 61 6 0 0 96 0 0 0 0 81 0 56 0 56 0 7 0 0 0 0 0 18 42 0 48 35 0 107 18 3 0 12 21 8 36 0 42 0 0 27 45 0 0 0 0 72 0 0
0 4 36 0 0 0 0 6 33 45 0 30 0 7 48 49 0 0 63 9 21 6 0 6 0 0 8 0 49 0 56 37 56 0 0 0 0 0 49 0 8 28 6 0 45 81 42 0 3 0 2 0 52 18 56 108 6 0 0 45 40 36 0 0
0 0 0 0 0 0 0 0 0 0 0 0 0 18 28 45 0 4 25 0 0 0 10 0 0 18 0 2 0 0 0 0 5 10 0 0 0 5 0 0 30 0 0 0 0 25 14 2 0 5 0 0 0 0 0 21 0 0 0 6 0 0 21 0
0 0 0 18 0 0 72 35 12 27 0 3 18 0 0 0 54 18 54 45 0 0 102 20 0 0 99 0 0 105 44 0 0 12 25 0 0 27 0 27 6 9 57 0 35 0 0 0 28 18 0 30 63 0 20 54 5 81 0 12 0 0 0 36
0 14 0 12 0 0 0 63 12 64 40 0 0 0 45 35 14 0 64 24 39 0 34 36 0 99 8 35 32 0 0 26 71 0 45 63 28 24 0 0 5 4 54 0 27 0 0 14 45 27 24 0 0 45 44 4 9 0 0 0 0 0 0 0
7 0 4 0 0 0 0 0 0 0 0 0 0 13 0 45 0 10 30 0 0 0 10 5 0 16 0 0 0 0 0 0 5 10 0 0 0 9 0 0 5 0 0 0 0 15 0 0 0 0 0 0 0 0 0 3 12 0 0 0 6 0 0 0
81 0 9 0 45 0 51 43 0 72 2 0 8 12 0 0 72 18 10 0 0 0 83 116 0 14 8 0 0 0 0 0 9 0 131 0 0 8 18 81 10 45 6 0 9 2 0 0 0 36 48 0 27 0 4 0 73 0 0 48 0 0 0 16
74 24 0 0 0 5 81 20 65 62 16 41 5 24 75 21 25 0 18 0 64 5 72 15 8 63 0 0 24 0 24 6 0 0 0 0 36 0 21 0 0 0 5 0 24 32 35 0 0 0 88 0 6 40 0 58 72 0 80 0 0 34 0 28
0 16 0 4 0 0 35 24 48 36 16 16 0 0 0 0 14 0 0 36 56 0 0 0 0 0 86 0 36 16 0 0 32 52 0 0 0 12 0 8 4 0 0 4 21 0 16 0 84 80 50 0 8 0 0 0 32 0 0 0 0 4 0 0
0 78 4 0 25 54 15 16 72 41 81 32 32 0 0 0 45 0 0 99 36 0 72 86 14 54 0 0 42 0 0 0 4 0 24 0 21 0 0 81 3 0 0 0 0 56 0 0 0 34 18 0 78 0 18 56 32 144 14 0 12 0 0 85
21 14 0 0 0 0 64 0 0 81 4 0 16 59 81 0 8 54 78 0 62 0 0 30 0 69 56 0 0 72 2 0 0 16 0 25 0 48 0 0 30 0 24 63 0 0 0 0 25 15 0 0 0 0 0 57 27 0 0 0 0 63 0 0
0 109 40 0 0 14 0 82 18 147 14 66 56 0 0 14 0 0 0 54 0 56 0 14 12 0 48 0 90 0 7 0 8 56 111 0 0 0 0 0 6 0 35 63 14 48 42 42 32 32 12 0 0 16 0 112 106 28 12 49 0 56 0 42
0 0 0 0 0 0 16 0 0 0 0 18 4 0 0 0 2 0 12 0 0 0 0 0 0 0 14 0 0 18 0 0 36 0 0 0 0 6 0 9 0 0 6 0 0 0 0 0 81 81 0 0 9 0 0 12 0 0 0 0 0 0 0 0
77 0 0 0 0 0 72 0 0 0 9 4 30 60 0 0 36 72 54 0 0 0 0 18 0 18 75 0 0 81 0 0 0 0 0 63 0 27 0 0 0 0 27 0 0 3 0 0 0 0 0 0 0 0 0 60 10 14 0 9 0 0 0 24
0 0 0 24 0 0 20 12 0 42 30 30 48 0 0 54 8 9 87 18 59 0 24 0 0 48 24 9 24 0 0 36 138 12 0 0 0 6 0 6 9 36 30 0 24 18 36 36 54 54 24 20 6 0 72 0 0 0 0 78 0 84 0 0
28 0 0 24 0 0 56 0 0 0 0 0 0 12 18 0 0 0 32 69 0 0 0 63 0 36 40 0 0 0 0 20 0 32 0 32 0 0 0 0 0 48 0 0 0 0 0 0 8 0 0 20 4 0 99 12 20 0 0 0 0 56 0 9
31 0 0 0 9 5 15 20 40 0 0 0 5 4 39 28 56 0 0 10 0 0 0 24 0 0 0 80 0 64 32 16 0 72 0 63 0 9 76 0 0 40 0 40 0 0 24 0 35 0 40 0 56 103 30 11 0 95 0 0 0 0 0 38
0 0 0 9 0 0 0 0 0 6 0 10 0 0 14 0 10 0 0 45 0 0 16 49 0 0 0 0 0 36 0 0 20 36 0 0 0 27 0 11 0 0 0 9 0 0 36 0 45 67 0 0 19 0 21 0 0 18 0 0 0 0 0 15
0 0 0 0 0 0 0 0 0 0 28 0 0 72 0 0 0 16 0 0 0 0 0 0 0 72 0 8 0 0 0 0 0 0 0 0 0 0 0 0 0 0 0 0 0 40 56 8 0 0 0 0 0 0 0 0 56 0 0 24 0 7 0 0
28 6 0 0 3 0 10 0 8 2 0 9 0 30 24 0 51 62 0 0 37 0 0 0 2 0 12 40 6 80 20 7 8 8 0 49 0 3 30 0 11 44 0 52 6 8 0 0 49 0 12 25 30 21 8 8 0 21 2 4 0 27 0 19
0 0 0 0 0 0 14 14 0 0 0 0 0 0 0 42 0 0 8 6 0 0 9 8 0 42 4 42 0 0 8 2 18 8 10 8 0 24 0 0 0 12 12 0 11 0 0 0 3 0 0 0 0 54 26 0 2 0 0 3 0 14 0 0
0 0 20 0 0 72 64 0 12 56 0 24 16 0 0 0 8 0 48 0 6 0 0 0 9 0 128 0 0 72 0 15 0 12 0 0 54 24 0 12 0 0 24 0 0 0 0 0 69 0 9 0 5 28 0 88 0 0 0 0 0 0 0 81
0 14 0 0 0 0 32 0 0 0 31 18 56 0 2 0 4 0 24 5 0 0 0 7 48 0 28 30 0 90 2 0 0 16 0 0 0 12 54 0 12 0 12 24 0 0 0 0 0 2 0 0 0 0 3 24 12 63 0 0 18 0 0 1
0 35 16 24 0 56 36 60 0 86 5 26 20 11 0 35 35 9 27 0 6 0 48 21 16 7 72 10 56 36 41 10 8 8 68 36 62 18 53 12 5 0 30 8 75 0 0 28 57 32 7 0 59 22 16 36 74 7 40 0 62 0 0 63
35 28 6 36 0 37 69 52 56 20 0 10 21 0 49 0 35 0 42 12 0 0 35 14 9 12 65 0 0 63 0 0 26 0 45 36 4 29 12 40 0 0 21 0 0 0 0 28 45 69 76 0 5 56 0 57 48 0 0 0 0 0 0 20
0 49 0 30 0 0 0 0 0 21 23 8 36 5 30 35 35 48 0 35 24 0 56 54 0 0 66 0 0 64 79 10 0 56 0 30 0 0 35 21 16 24 0 0 0 9 0 0 94 32 0 65 59 0 0 0 42 63 0 0 0 0 0 100
54 0 24 0 0 48 0 0 30 24 0 60 0 24 68 0 48 42 0 0 6 6 54 60 0 0 36 0 0 48 24 0 0 0 48 0 36 0 12 66 12 48 6 0 0 0 42 0 99 0 6 30 0 18 0 15 48 0 0 0 36 36 15 54
21 0 0 0 5 0 42 35 0 0 0 0 0 18 0 42 9 24 24 18 0 0 10 20 0 42 12 42 0 0 0 24 18 24 25 80 0 29 0 0 0 36 30 0 15 0 0 0 21 0 0 0 6 89 74 0 5 35 0 3 0 42 0 20
88 14 0 0 0 13 69 28 76 0 4 0 7 30 49 0 15 40 0 0 0 0 32 14 0 0 30 48 0 0 42 12 0 36 1 35 0 0 0 7 0 0 0 0 33 0 0 0 29 0 124 0 4 56 0 25 12 0 0 84 0 0 0 4
0 0 8 0 0 0 0 0 0 0 0 0 0 8 36 0 0 2 0 0 0 0 0 0 0 0 0 0 0 0 0 0 0 0 0 0 0 0 0 0 0 0 0 0 0 0 0 0 0 0 0 0 0 0 0 27 14 0 0 0 12 0 27 0
75 0 0 0 0 6 6 24 58 0 0 14 6 6 82 0 40 2 2 0 18 2 45 59 0 0 0 2 0 0 0 0 0 0 40 0 0 0 10 45 0 25 2 27 0 0 14 0 0 0 48 0 0 48 0 6 2 0 0 8 0 47 0 0
0 0 0 0 0 0 0 0 0 0 0 0 0 0 0 0 0 0 0 0 9 0 0 0 24 0 0 0 56 0 0 6 24 81 0 0 0 0 0 0 3 12 0 0 63 0 27 0 0 0 0 0 49 0 51 0 0 36 0 0 56 0 0 0
0 24 0 8 0 0 43 0 15 8 0 31 48 0 24 0 6 0 0 0 24 3 0 3 74 0 0 30 24 86 0 0 0 32 0 0 0 24 54 0 0 0 3 32 16 32 53 0 0 16 74 0 0 0 0 32 3 0 8 56 18 18 0 28
15 112 0 0 0 24 25 54 55 136 10 33 8 4 62 0 45 6 0 126 20 0 72 12 22 0 140 40 129 8 8 0 0 60 0 10 18 0 0 27 11 3 0 18 0 66 0 0 83 24 21 5 63 0 0 106 24 81 16 0 0 18 27 135
0 0 2 0 0 6 0 8 39 0 12 17 12 0 0 0 0 30 0 2 4 0 0 27 0 6 60 0 0 40 20 0 26 59 12 0 0 0 0 12 10 15 0 0 0 3 9 0 94 62 0 25 6 0 11 0 16 19 0 0 0 0 0 24
18 0 0 0 0 0 0 0 20 0 0 0 0 0 0 0 16 0 0 0 0 0 18 18 0 0 30 0 0 0 0 0 0 29 16 0 0 0 4 18 0 10 0 0 0 0 3 0 0 0 0 0 0 0 3 0 0 4 0 0 0 0 0 0
35 32 0 2 0 0 0 48 24 72 0 8 0 30 0 35 15 88 0 72 0 0 0 0 0 35 64 35 72 72 32 0 15 8 0 35 0 26 0 0 24 24 0 2 0 0 8 0 88 4 16 40 0 45 0 0 0 0 0 5 0 0 0 0
27 27 0 0 0 42 45 0 49 9 78 3 24 42 5 0 15 63 59 65 32 0 30 98 0 115 0 72 12 0 0 9 18 0 0 5 0 28 0 51 35 0 0 0 0 0 0 0 41 9 0 0 21 0 14 27 0 76 0 0 9 0 0 12
54 0 0 0 0 0 0 0 0 18 0 0 0 5 0 35 85 0 0 30 0 0 102 54 0 0 0 8 0 8 40 11 0 0 48 0 0 0 53 72 48 35 0 5 0 0 0 0 0 20 0 0 58 0 0 0 0 54 0 0 0 0 0 24
0 0 8 0 0 6 64 0 7 0 9 0 16 8 0 0 8 2 48 2 4 0 0 9 0 6 56 0 0 72 0 0 0 0 0 0 0 24 0 6 0 0 24 0 0 0 0 0 0 0 0 0 0 0 2 48 14 7 0 0 12 0 0 0
0 56 0 48 0 0 42 8 0 68 5 50 32 0 10 0 61 5 29 18 18 0 0 0 0 0 44 5 3 0 0 6 0 24 0 106 6 16 0 20 30 36 20 0 8 0 24 80 41 11 0 0 0 30 54 16 1 0 0 48 0 94 0 0
0 24 32 0 0 10 0 36 33 86 40 45 0 0 68 24 0 0 64 98 0 43 16 41 0 78 48 14 86 0 0 24 54 0 45 0 0 8 0 0 36 0 3 45 0 0 21 0 28 5 12 0 0 34 12 91 3 20 0 0 0 18 27 4
0 0 0 0 0 4 28 0 0 12 27 30 0 0 0 4 2 0 4 0 0 16 16 4 3 0 0 0 0 0 0 0 0 0 18 0 8 0 0 0 18 0 0 18 5 0 0 0 4 3 40 0 0 0 0 0 0 71 16 40 0 0 0 0
0 0 0 0 0 0 20 0 0 0 0 0 0 6 54 42 8 0 0 0 74 0 0 0 0 42 0 42 0 0 0 0 18 0 0 30 0 24 0 0 0 0 0 27 12 0 0 0 30 18 24 0 0 54 0 0 0 0 0 0 0 27 0 0
20 0 0 0 0 58 25 16 95 6 116 9 4 0 28 0 45 54 12 37 36 0 16 89 0 54 6 0 21 72 36 3 0 12 0 12 42 0 0 60 18 45 0 0 0 0 0 0 75 4 32 45 14 32 45 4 7 81 0 0 0 21 0 8
49 56 0 56 0 44 0 0 10 40 0 52 0 42 52 14 77 56 0 0 0 58 35 16 0 0 32 0 0 32 0 0 0 32 68 121 0 40 0 35 0 0 2 71 0 0 46 56 14 16 20 0 0 0 0 43 2 28 0 7 0 12 27 20
0 0 0 0 5 0 0 0 0 0 0 0 0 27 0 0 0 6 0 0 0 0 0 0 0 27 0 3 0 0 0 0 0 0 0 35 0 5 0 0 0 0 0 0 0 15 21 3 15 0 0 0 0 35 0 0 0 35 0 9 0 0 0 20
0 0 8 0 0 0 30 0 0 8 6 4 0 4 46 0 12 0 0 0 84 0 0 0 0 0 0 0 72 0 0 0 0 0 0 30 0 0 0 0 12 0 0 18 99 0 0 0 30 20 36 0 63 4 0 16 0 14 0 0 72 18 0 0
14 65 0 0 0 38 0 0 19 80 39 20 0 12 0 0 26 16 0 2 4 0 15 9 10 6 24 0 106 0 29 0 0 40 0 14 76 0 0 6 4 0 0 0 87 40 0 0 27 0 28 0 56 0 2 40 34 7 10 11 64 0 0 71
0 0 0 0 0 12 28 0 14 0 39 78 0 78 40 0 35 25 21 16 56 0 0 23 0 91 8 48 0 40 0 9 0 16 0 56 0 4 30 44 5 49 0 25 0 40 56 8 84 24 0 0 30 48 40 0 0 63 0 24 0 28 0 0
10 86 0 0 0 2 2 56 40 90 0 36 2 0 14 0 0 0 14 72 0 0 0 4 18 0 64 0 126 0 0 0 0 0 0 0 0 0 0 0 8 0 0 0 0 90 0 0 24 0 32 0 0 16 0 82 0 0 18 10 0 0 0 63
0 44 16 0 0 0 64 0 0 10 29 20 16 16 18 0 8 4 130 60 0 0 10 63 10 40 56 0 50 72 2 15 30 16 0 0 0 24 0 0 0 0 24 0 0 94 0 0 0 0 0 0 0 0 27 112 40 0 10 30 24 0 0 44
35 0 16 0 8 0 35 0 0 0 0 8 0 31 0 0 14 4 0 0 56 0 0 0 0 45 0 0 0 0 0 0 16 0 0 56 0 8 0 4 0 0 0 0 21 0 0 0 60 36 42 0 4 56 0 15 53 56 0 0 24 0 0 32
0 0 0 4 30 0 36 18 0 0 24 0 56 36 12 0 15 54 30 0 0 0 15 36 56 42 0 35 12 79 0 0 0 25 9 18 0 36 63 0 30 0 0 32 15 0 16 0 0 11 0 0 18 0 0 0 48 0 0 0 21 6 0 12
15 9 0 0 45 3 30 24 24 42 0 1 59 0 41 0 0 0 0 9 40 0 25 15 0 0 0 0 0 0 40 25 64 0 0 20 0 0 0 0 8 32 30 0 37 0 36 36 25 12 24 0 30 24 64 3 0 0 0 57 3 48 0 0
