1103 1075 1112 1016 1115 1042 1046 1212 990 1246 1327 1402 1263 1182 1075 1421 1129 1177 1206 984 1128 1066 1061 1153 1079 1057 1174 1222 1144 1149 1277 1253 1199 1053 1241 825 1126 1225 1116 1132 1124 1324 1178 1194 1240 899 1166 1182 1248 1253 1130 1136 1165 1128 972 1011 1253 1126 973 1300 1191 1272 962 1031
1294 1234 1270 1284 1193 1183 1416 1532 1336 1399 1530 1667 1526 1342 1126 1558 1398 1440 1313 1272 1377 1305 1344 1479 1271 1256 1427 1462 1480 1417 1384 1327 1300 1382 1331 1115 1434 1521 1400 1267 1411 1521 1456 1530 1550 1222 1275 1469 1454 1442 1480 1203 1292 1387 1104 1367 1400 1490 1225 1472 1581 1597 1323 1330
1423 1188 1392 1356 1452 1344 1425 1629 1421 1495 1669 1748 1528 1653 1378 1804 1512 1570 1614 1333 1453 1509 1400 1549 1439 1383 1543 1453 1528 1633 1481 1504 1305 1485 1560 1356 1575 1633 1540 1577 1466 1691 1556 1610 1567 1375 1558 1555 1693 1589 1656 1465 1515 1598 1324 1489 1621 1569 1435 1675 1646 1759 1419 1381
1264 1103 1226 1275 1310 1247 1221 1411 1286 1356 1529 1529 1397 1368 1130 1462 1296 1455 1381 1163 1279 1238 1274 1351 1277 1340 1397 1193 1324 1409 1427 1293 1308 1292 1343 1116 1341 1384 1337 1300 1279 1504 1344 1564 1412 1214 1259 1367 1475 1422 1428 1312 1242 1297 1100 1391 1457 1287 1193 1505 1427 1385 1306 1297
1367 1223 1349 1108 1185 1337 1515 1568 1395 1320 1551 1671 1452 1504 1347 1583 1441 1639 1415 1301 1539 1401 1232 1482 1337 1241 1502 1368 1536 1407 1304 1438 1274 1412 1368 1107 1486 1428 1334 1172 1388 1536 1305 1546 1413 1247 1459 1492 1343 1432 1527 1199 1320 1366 1239 1401 1400 1427 1233 1665 1559 1629 1227 1366
1106 1040 1218 1024 1188 1189 1207 1253 1247 1270 1248 1429 1292 1250 1071 1465 1189 1295 1265 977 1159 1179 1095 1288 1023 1070 1133 1158 1262 1183 1279 1204 1096 1153 1242 1088 1180 1206 1208 1088 1109 1339 1189 1357 1169 995 1296 1163 1375 1364 1255 1091 1167 1099 987 1017 1290 1115 964 1290 1407 1474 1046 1138
1337 1179 1319 1232 1343 1217 1471 1598 1282 1432 1601 1673 1515 1425 1221 1671 1369 1612 1360 1290 1544 1407 1364 1452 1403 1219 1435 1456 1441 1483 1372 1565 1227 1407 1357 1172 1456 1484 1433 1348 1416 1567 1446 1493 1486 1248 1469 1463 1479 1395 1585 1364 1309 1408 1208 1452 1514 1453 1290 1691 1529 1666 1286 1405
1283 1138 1210 1179 1144 1199 1212 1403 1182 1273 1364 1567 1415 1410 1265 1318 1417 1382 1478 1213 1310 1306 1184 1368 1165 1130 1434 1305 1298 1396 1306 1316 1252 1349 1394 889 1215 1437 1189 1098 1390 1480 1483 1457 1400 1090 1369 1387 1449 1427 1440 1306 1301 1376 1098 1274 1282 1270 1203 1476 1415 1475 1188 1237
1166 1073 1151 1209 1298 1162 1217 1316 1181 1344 1353 1450 1234 1250 1080 1415 1182 1382 1252 920 1296 1274 1117 1342 1190 1144 1206 1270 1313 1392 1228 1245 1069 1271 1246 1151 1303 1313 1337 1219 1122 1326 1259 1432 1267 1137 1236 1252 1407 1478 1378 1215 1160 1179 1038 1280 1358 1216 1215 1469 1394 1456 1205 1302
1290 1261 1292 1231 1345 1211 1510 1512 1326 1344 1535 1595 1534 1429 1157 1688 1468 1522 1297 1196 1408 1435 1325 1492 1247 1290 1504 1464 1378 1439 1446 1450 1347 1490 1267 1005 1359 1359 1234 1222 1382 1524 1441 1549 1463 1242 1424 1489 1321 1595 1466 1239 1358 1426 1279 1193 1432 1355 1225 1567 1531 1625 1207 1298
1162 1009 1210 1106 1182 1056 1265 1339 1205 1277 1274 1373 1430 1234 1127 1401 1258 1451 1239 1196 1269 1234 1088 1430 1128 1040 1334 1366 1275 1347 1224 1219 1276 1237 1200 908 1183 1298 1203 1131 1182 1485 1432 1345 1408 1142 1189 1397 1370 1344 1394 1077 1224 1342 1070 1288 1247 1217 1172 1375 1327 1427 1162 1179
1373 1189 1230 1142 1223 1142 1369 1316 1371 1407 1338 1484 1486 1464 1169 1497 1183 1451 1362 1288 1447 1302 1239 1368 1273 1169 1491 1324 1492 1329 1369 1388 1250 1373 1277 1102 1346 1380 1342 1240 1401 1591 1355 1469 1474 1110 1373 1385 1493 1383 1538 1216 1326 1260 1131 1446 1387 1335 1216 1579 1530 1439 1203 1426
1264 1112 1123 1054 1228 1187 1199 1275 1256 1317 1343 1383 1348 1228 1119 1458 1234 1409 1265 1205 1248 1269 1089 1184 1200 1130 1308 1233 1273 1237 1302 1238 1270 1236 1215 1107 1183 1273 1177 1206 1276 1454 1268 1236 1352 1165 1123 1241 1251 1262 1344 1167 1283 1236 937 1352 1302 1357 1095 1509 1379 1361 1172 1169
1186 994 1202 1043 1144 1021 1110 1281 1139 1205 1228 1335 1303 1112 1073 1317 1251 1346 1235 981 1265 1163 1077 1252 1225 1105 1155 1189 1203 1302 1209 1289 1075 1120 1188 972 1169 1307 1226 1257 1128 1418 1193 1381 1280 1162 1244 1347 1309 1412 1255 1127 1110 1155 988 1157 1304 1252 1087 1430 1350 1414 1097 1126
1370 1287 1250 1333 1351 1378 1354 1407 1314 1543 1563 1596 1514 1430 1183 1530 1357 1455 1389 1289 1403 1342 1324 1480 1390 1300 1509 1361 1503 1328 1419 1340 1266 1554 1462 1109 1495 1485 1452 1230 1448 1585 1461 1562 1400 1162 1394 1487 1609 1522 1526 1305 1374 1424 1045 1463 1491 1367 1262 1639 1634 1609 1169 1314
1457 1386 1419 1378 1359 1440 1669 1591 1512 1599 1650 1813 1837 1676 1479 1675 1527 1758 1509 1356 1558 1490 1333 1641 1376 1379 1552 1520 1696 1558 1667 1648 1433 1636 1727 1233 1640 1598 1569 1320 1558 1700 1512 1743 1526 1367 1638 1563 1789 1643 1675 1390 1577 1451 1233 1402 1501 1612 1246 1791 1828 1988 1373 1483
999 924 1066 981 1188 1005 1084 1179 1161 1137 1147 1244 1170 1062 985 1256 1247 1346 1110 1076 1107 1031 1027 1320 1077 1033 1158 1184 1199 1308 1128 1148 1102 1034 1075 1016 1033 1179 1158 1012 980 1306 1178 1356 1281 1155 1096 1179 1327 1209 1241 1070 1073 1178 970 1154 1210 1085 1020 1280 1299 1268 1135 1120
1089 942 1081 878 1150 906 1106 1176 1069 1150 1083 1398 1283 986 1011 1337 1054 1268 1267 1130 1083 1115 993 1147 1039 1058 1229 1089 1208 1160 1000 1055 1076 1053 1224 945 1119 1160 988 975 966 1304 1098 1175 1250 1027 1106 1126 1210 1227 1285 1056 1119 1065 858 1102 1218 1201 1042 1049 1195 1258 931 1022
1139 989 1071 988 1101 1070 1179 1253 1177 1129 1259 1276 1229 1152 1101 1416 1145 1272 1312 1111 1023 1180 984 1178 1155 1135 1291 1139 1258 1154 1092 1173 1057 1201 1287 1072 1183 1227 1268 1135 1145 1394 1245 1253 1308 1086 1115 1316 1254 1229 1329 1111 1322 1215 1012 1355 1210 1285 1164 1343 1242 1256 1171 1174
1166 1195 1290 1166 1133 1199 1336 1412 1336 1415 1348 1566 1489 1461 1152 1483 1355 1555 1333 1256 1389 1431 1306 1352 1307 1210 1514 1357 1518 1403 1289 1244 1293 1327 1371 958 1265 1403 1314 1229 1372 1515 1366 1432 1446 1121 1423 1374 1416 1388 1546 1240 1271 1309 967 1322 1344 1406 1237 1495 1432 1494 1229 1296
1031 1092 1055 1006 1054 972 1163 1193 1175 1168 1197 1336 1162 1109 993 1283 1148 1225 1194 983 1122 1041 1067 1257 1046 1072 1183 1016 1202 1181 962 1006 971 1109 1032 996 1097 1175 1010 1055 1119 1362 1112 1250 1236 1037 1142 1149 1230 1250 1194 1086 1030 1116 895 1045 1130 1141 986 1101 1243 1332 1095 1122
1149 1080 1166 1199 1116 1010 1218 1331 1231 1338 1284 1391 1332 1197 1094 1249 1270 1391 1256 1129 1265 1173 1154 1355 1207 1023 1256 1248 1339 1318 1198 1150 1134 1202 1247 1067 1191 1346 1269 1170 1192 1429 1314 1429 1362 1155 1184 1203 1337 1330 1372 1111 1181 1108 871 1205 1253 1188 1073 1369 1340 1421 1189 1205
1415 1235 1363 1349 1435 1441 1488 1465 1427 1423 1491 1740 1588 1520 1337 1723 1409 1676 1540 1244 1535 1494 1353 1585 1339 1346 1559 1407 1595 1661 1381 1453 1390 1519 1381 1038 1458 1505 1404 1355 1473 1585 1522 1660 1587 1350 1471 1583 1635 1674 1536 1341 1398 1423 1103 1522 1369 1525 1323 1595 1547 1746 1289 1383
1151 1090 1328 1113 1183 1127 1169 1433 1251 1258 1357 1482 1441 1461 1246 1461 1368 1511 1457 1163 1462 1389 1262 1506 1235 1223 1319 1381 1348 1384 1383 1333 1383 1256 1400 1065 1342 1488 1260 1173 1192 1446 1484 1539 1424 1190 1399 1362 1552 1475 1604 1411 1284 1429 1251 1294 1313 1330 1208 1478 1436 1483 1176 1306
1373 1155 1323 1225 1261 1247 1496 1620 1424 1446 1509 1667 1611 1390 1335 1531 1536 1567 1354 1149 1486 1400 1273 1598 1340 1331 1446 1427 1484 1515 1447 1543 1299 1450 1537 1207 1302 1479 1447 1330 1334 1683 1471 1594 1537 1332 1423 1504 1545 1538 1571 1367 1355 1393 1209 1434 1554 1414 1351 1724 1536 1756 1378 1439
1289 1189 1034 1157 1182 1139 1377 1402 1360 1434 1453 1536 1371 1400 1124 1335 1269 1484 1189 1084 1317 1227 1312 1467 1123 1231 1361 1198 1347 1283 1252 1263 1284 1212 1302 1033 1265 1382 1249 1207 1385 1392 1251 1447 1360 1147 1238 1259 1476 1321 1341 1365 1269 1221 1093 1358 1267 1274 1090 1508 1372 1507 1164 1298
998 916 1140 1027 1092 1126 1188 1352 1141 1183 1250 1418 1150 1268 1006 1374 1308 1344 1157 969 1240 1093 1154 1345 1148 1016 1121 1194 1074 1194 1205 1212 996 1152 1162 995 1160 1169 1249 1044 1058 1388 1333 1336 1156 1025 1336 1233 1285 1318 1304 1177 1065 1208 1067 1059 1274 1098 1099 1330 1315 1407 1122 1170
1326 1192 1263 1213 1205 1023 1324 1301 1308 1380 1380 1467 1464 1421 1080 1442 1213 1328 1292 1230 1289 1327 1211 1347 1297 1164 1285 1215 1495 1296 1334 1227 1270 1364 1370 1045 1410 1411 1343 1296 1245 1391 1282 1454 1374 1066 1304 1382 1452 1516 1497 1226 1352 1235 989 1236 1448 1386 1215 1529 1526 1492 1174 1325
1211 1096 1216 1045 1262 1227 1219 1336 1308 1279 1253 1541 1492 1407 1177 1587 1272 1446 1435 1124 1321 1397 1248 1241 1192 1282 1279 1161 1403 1329 1267 1349 1258 1295 1371 1014 1164 1460 1252 1201 1204 1469 1422 1356 1440 1040 1335 1362 1466 1449 1421 1401 1263 1256 1110 1337 1353 1345 1224 1419 1403 1494 1083 1323
1178 1051 1299 1040 1021 1027 1207 1376 1283 1380 1336 1498 1349 1307 1090 1340 1147 1441 1166 1148 1315 1203 1188 1273 1137 1168 1253 1281 1334 1287 1208 1309 1143 1194 1241 1139 1265 1353 1302 1230 1150 1321 1218 1416 1251 1224 1245 1299 1408 1319 1435 1212 1104 1070 966 1178 1418 1311 1175 1427 1449 1386 1242 1241
1185 1005 1037 1070 1028 1042 1176 1252 1063 1170 1291 1350 1232 1233 970 1386 1139 1251 1176 1062 1279 1158 1152 1037 1201 1066 1226 1169 1128 1287 1228 1270 1128 1276 1023 1116 1238 1241 1175 1277 1097 1228 1233 1401 1177 1102 1185 1254 1245 1293 1375 1162 1066 1134 1013 1253 1448 1206 1226 1415 1262 1108 1204 1086
1216 1184 1320 1154 1217 1088 1256 1351 1286 1389 1355 1510 1460 1341 1207 1593 1196 1349 1367 1090 1325 1255 1324 1398 1231 1154 1284 1342 1457 1333 1349 1297 1179 1355 1266 1064 1253 1441 1339 1314 1238 1391 1352 1478 1353 1147 1348 1515 1481 1391 1432 1187 1243 1358 1024 1301 1418 1270 1271 1344 1460 1399 1176 1281
1196 1047 1242 1034 1261 1083 1329 1329 1332 1268 1256 1461 1403 1409 1178 1427 1265 1469 1238 1184 1364 1317 1165 1397 1184 1275 1378 1249 1335 1430 1341 1255 1149 1342 1223 1142 1251 1365 1291 1196 1252 1442 1282 1496 1389 1232 1339 1435 1348 1340 1507 1227 1254 1249 1183 1241 1348 1339 1265 1395 1449 1539 1254 1275
1130 1036 1251 1153 1252 1158 1136 1295 1233 1355 1317 1383 1334 1333 1208 1370 1248 1383 1271 1056 1371 1224 1161 1384 1169 1115 1163 1346 1365 1331 1400 1220 1255 1135 1336 1010 1179 1325 1381 1234 1105 1522 1286 1420 1340 1169 1294 1313 1452 1484 1482 1210 1318 1300 1080 1220 1310 1279 1182 1443 1493 1406 1323 1254
1321 1139 1100 1150 1193 1178 1469 1312 1305 1315 1469 1471 1425 1466 1143 1454 1255 1418 1254 1101 1332 1311 1233 1475 1132 1197 1411 1322 1457 1261 1387 1393 1243 1476 1356 1061 1408 1387 1347 1159 1369 1357 1276 1425 1363 1132 1294 1377 1506 1399 1500 1238 1474 1315 1114 1393 1256 1408 1144 1592 1540 1621 1197 1296
1137 1049 1207 1029 1140 1078 1134 1231 1195 1302 1272 1348 1356 1340 1171 1344 1200 1378 1315 1209 1215 1171 1096 1370 1189 1017 1345 1254 1319 1322 1222 1277 1124 1309 1287 983 1163 1344 1159 1113 1253 1428 1284 1346 1217 1115 1263 1189 1340 1255 1323 1107 1252 1191 993 1174 1217 1170 1045 1405 1307 1379 1109 1110
1232 1103 1076 994 1229 1155 1291 1373 1239 1107 1377 1399 1324 1183 996 1412 1232 1413 1271 1122 1317 1147 1123 1256 1127 1099 1325 1154 1300 1201 1045 1272 1006 1267 1217 1019 1327 1182 1206 1165 1225 1364 1303 1325 1312 1159 1227 1358 1390 1380 1255 1176 1287 1216 1001 1263 1186 1363 1141 1442 1482 1456 1117 1109
1221 972 1032 1052 1041 974 1170 1367 1131 1142 1338 1433 1290 1143 995 1270 1227 1280 1132 1031 1194 1082 1028 1224 1128 1026 1165 1097 1156 1237 1007 1192 1104 1033 1128 967 1246 1295 1108 1085 1136 1174 1228 1310 1251 1065 1077 1230 1177 1234 1239 1112 995 1125 915 1224 1256 1229 1093 1355 1275 1344 1083 1102
1155 1170 1137 1059 1156 1164 1320 1330 1193 1391 1327 1499 1285 1338 1129 1432 1127 1399 1253 1183 1162 1206 1141 1221 1101 1132 1378 1212 1284 1265 1097 1237 1067 1225 1225 1114 1259 1239 1136 1137 1217 1381 1169 1385 1244 1200 1301 1189 1299 1282 1296 1204 1217 1113 967 1166 1381 1199 1144 1368 1317 1233 1062 1164
1277 1183 1151 1288 1351 1142 1328 1279 1202 1405 1383 1550 1457 1289 1227 1528 1434 1429 1409 1157 1244 1357 1285 1392 1378 1318 1561 1341 1378 1470 1284 1360 1163 1297 1429 969 1317 1419 1198 1265 1234 1618 1299 1497 1463 1184 1368 1442 1565 1530 1448 1151 1308 1361 1151 1282 1452 1394 1308 1559 1496 1497 1264 1236
1385 1408 1383 1234 1384 1286 1444 1481 1467 1649 1523 1695 1594 1484 1363 1642 1478 1744 1562 1434 1452 1444 1381 1597 1479 1385 1636 1491 1614 1507 1496 1497 1364 1486 1672 1228 1490 1581 1476 1419 1468 1906 1601 1589 1535 1242 1511 1532 1799 1570 1692 1477 1571 1479 1255 1499 1574 1598 1355 1749 1701 1686 1459 1530
1166 1098 1269 1056 1055 1039 1244 1222 1200 1189 1237 1337 1315 1196 1130 1367 1097 1285 1208 1136 1229 1208 1023 1288 1048 1065 1233 1261 1256 1236 1066 1182 1125 1226 1137 1059 1248 1296 1224 1094 1152 1308 1265 1328 1290 1071 1263 1300 1407 1289 1315 1076 1255 1192 1070 1166 1157 1250 1107 1217 1325 1352 1128 1267
1180 1060 1243 1136 1341 1304 1247 1430 1289 1379 1426 1440 1366 1384 1103 1511 1328 1487 1337 1177 1352 1370 1247 1455 1290 1113 1364 1321 1328 1388 1318 1304 1122 1383 1303 1218 1302 1434 1346 1200 1245 1467 1472 1479 1318 1172 1415 1319 1576 1525 1566 1298 1255 1358 1202 1269 1437 1256 1244 1488 1622 1566 1207 1258
1349 1093 1279 1248 1254 1288 1387 1410 1329 1425 1413 1568 1375 1435 1257 1477 1463 1550 1268 1278 1392 1360 1173 1416 1289 1334 1529 1319 1368 1413 1452 1459 1252 1380 1307 1118 1297 1305 1367 1275 1315 1573 1437 1554 1401 1296 1442 1546 1518 1448 1494 1162 1328 1517 1149 1236 1402 1386 1312 1596 1494 1425 1295 1287
1175 1003 1059 1068 1183 1123 1235 1263 1111 1160 1270 1426 1330 1199 1052 1405 1148 1377 1245 1079 1270 1257 1123 1272 1154 1023 1184 1252 1288 1205 1216 1195 1188 1354 1246 958 1286 1212 1133 1045 1170 1250 1298 1271 1260 947 1088 1195 1216 1267 1319 1228 1169 1154 796 1238 1251 1275 1055 1398 1380 1409 1000 1127
1028 951 1150 1129 1111 1163 1349 1292 1102 1116 1226 1399 1274 1204 1032 1375 1199 1173 1227 1072 1112 1124 1040 1159 1060 1104 1189 1314 1242 1161 1145 1162 1122 1266 1173 940 1198 1128 1235 1068 1135 1260 1189 1323 1249 1029 1187 1247 1285 1264 1203 1060 1109 1224 989 1171 1271 1097 1086 1272 1279 1265 1117 1255
1140 1065 1180 1134 1161 1184 1209 1301 1178 1244 1363 1391 1322 1310 1079 1521 1205 1277 1287 1095 1238 1211 1213 1229 1173 1164 1311 1283 1216 1303 1202 1247 1054 1307 1196 969 1147 1293 1198 1133 1282 1364 1390 1378 1249 1038 1298 1383 1352 1420 1381 1179 1268 1188 1023 1216 1327 1274 1174 1318 1315 1409 1189 1143
915 1025 1087 984 1030 917 1169 1205 1134 1171 1226 1295 1178 1100 971 1326 1141 1158 1078 950 1056 1017 944 1188 1000 1110 1147 1192 1195 1132 1026 1152 1019 1102 1151 992 1100 1140 1062 1043 1017 1137 1012 1209 1195 1071 1065 1227 1269 1169 1157 1007 1098 1137 962 910 1185 1061 1055 1186 1293 1197 938 1036
1329 1208 1260 1190 1155 1153 1313 1395 1294 1441 1447 1454 1401 1469 1235 1599 1327 1580 1370 1193 1378 1390 1221 1465 1284 1205 1293 1303 1381 1333 1431 1404 1332 1407 1393 1142 1379 1506 1441 1221 1311 1525 1480 1433 1404 1185 1296 1485 1488 1404 1645 1373 1432 1365 1201 1392 1394 1532 1259 1667 1535 1630 1216 1379
1189 1175 1148 1035 1170 1109 1284 1181 1191 1294 1191 1357 1337 1253 1071 1394 1196 1348 1276 1131 1197 1156 1176 1212 1076 1187 1302 1137 1368 1237 1193 1235 1141 1307 1271 949 1193 1231 1198 1085 1242 1465 1193 1337 1254 1068 1260 1279 1325 1327 1456 1247 1254 1077 847 1283 1250 1289 1096 1402 1364 1471 1154 1174
1266 1154 1159 1146 1199 1086 1296 1361 1156 1425 1239 1488 1387 1344 1024 1392 1384 1356 1289 1207 1309 1114 1225 1252 1223 1126 1406 1146 1265 1298 1130 1312 1124 1367 1263 968 1119 1400 1153 1029 1295 1358 1303 1384 1317 1106 1301 1385 1369 1251 1425 1206 1099 1177 1047 1218 1447 1317 1332 1548 1311 1251 1268 1249
1369 1175 1223 1208 1328 1244 1361 1484 1331 1406 1545 1594 1471 1335 1157 1622 1390 1490 1435 1215 1309 1327 1184 1325 1286 1273 1344 1293 1411 1453 1473 1396 1291 1436 1389 1273 1401 1512 1322 1399 1416 1484 1392 1455 1447 1129 1313 1271 1401 1435 1447 1219 1420 1380 1250 1405 1413 1422 1170 1580 1496 1547 1280 1252
1252 1161 1356 1296 1259 1327 1275 1430 1280 1371 1466 1561 1502 1403 1213 1537 1401 1376 1571 1197 1382 1309 1295 1352 1318 1162 1423 1248 1529 1370 1504 1381 1211 1518 1460 1076 1299 1517 1487 1219 1335 1641 1529 1525 1501 1182 1384 1403 1586 1472 1547 1293 1302 1438 1068 1392 1406 1318 1190 1494 1621 1597 1277 1393
1388 1315 1262 1416 1409 1459 1505 1515 1433 1606 1640 1828 1533 1509 1346 1773 1499 1659 1584 1313 1422 1364 1360 1534 1433 1486 1525 1445 1519 1496 1526 1508 1334 1566 1599 1277 1534 1556 1545 1387 1456 1690 1623 1622 1526 1203 1441 1548 1788 1520 1573 1426 1430 1608 1249 1447 1593 1474 1397 1642 1686 1737 1338 1443
1293 1034 1110 1043 1292 1217 1246 1231 1243 1205 1312 1400 1392 1346 1215 1507 1299 1423 1312 1093 1287 1252 1025 1321 1200 1214 1369 1346 1315 1393 1327 1381 1133 1292 1299 997 1234 1367 1261 1115 1198 1518 1385 1372 1412 1082 1289 1490 1468 1435 1429 1179 1335 1399 1220 1326 1274 1322 1323 1529 1458 1540 1109 1267
1209 1066 1231 1096 1375 1254 1240 1446 1306 1309 1368 1527 1327 1340 1170 1594 1443 1497 1402 1075 1299 1247 1129 1437 1299 1227 1324 1300 1332 1419 1186 1252 1167 1317 1355 1095 1303 1451 1355 1220 1222 1426 1540 1454 1386 1120 1302 1445 1417 1467 1415 1339 1266 1417 1251 1358 1382 1254 1296 1410 1387 1574 1230 1180
1323 1049 1290 1110 1354 1153 1261 1475 1271 1360 1388 1489 1559 1324 1210 1577 1349 1504 1360 1142 1354 1322 1064 1419 1307 1225 1324 1300 1420 1416 1367 1366 1315 1367 1362 1082 1359 1431 1348 1189 1228 1470 1492 1368 1507 1157 1270 1379 1330 1468 1447 1299 1207 1353 1137 1331 1423 1369 1277 1466 1416 1603 1241 1288
1379 1167 1215 1155 1297 1253 1368 1384 1242 1257 1374 1598 1409 1361 1232 1534 1240 1363 1402 1247 1380 1280 1208 1365 1224 1189 1347 1335 1352 1381 1299 1321 1222 1236 1296 1154 1326 1454 1188 1179 1253 1428 1334 1585 1406 1257 1301 1488 1402 1443 1512 1228 1240 1282 1140 1312 1428 1414 1271 1514 1475 1430 1163 1369
1302 1307 1274 1194 1347 1225 1243 1426 1277 1331 1393 1569 1462 1325 1159 1514 1440 1454 1428 1184 1463 1294 1336 1436 1287 1221 1421 1431 1427 1484 1313 1363 1222 1357 1301 1067 1290 1437 1232 1208 1302 1517 1529 1584 1386 1247 1409 1425 1552 1554 1487 1404 1191 1418 1084 1295 1397 1360 1269 1505 1494 1546 1261 1374
1185 1150 1170 1278 1352 1110 1439 1365 1270 1338 1382 1436 1566 1344 1095 1544 1444 1500 1275 1214 1278 1259 1242 1427 1248 1193 1399 1399 1345 1367 1356 1276 1290 1399 1298 946 1279 1265 1216 1083 1314 1560 1441 1492 1463 1126 1338 1484 1391 1526 1461 1199 1390 1325 1055 1204 1425 1386 1158 1434 1568 1562 1272 1189
1326 1230 1278 1125 1302 1249 1310 1393 1356 1402 1378 1639 1388 1429 1342 1449 1326 1510 1300 1306 1401 1362 1233 1445 1250 1382 1390 1276 1369 1428 1418 1366 1164 1331 1400 1057 1322 1333 1413 1228 1275 1477 1381 1513 1353 1264 1504 1578 1642 1534 1536 1321 1360 1455 1198 1285 1342 1337 1419 1505 1497 1622 1127 1315
1264 1249 1224 1309 1307 1202 1429 1469 1295 1484 1489 1600 1523 1541 1213 1561 1419 1518 1368 1176 1322 1268 1382 1469 1304 1294 1456 1384 1378 1327 1368 1302 1243 1377 1468 1160 1360 1484 1398 1217 1442 1594 1529 1552 1501 1172 1490 1453 1609 1472 1492 1336 1395 1426 1232 1300 1415 1505 1248 1464 1438 1540 1314 1430
1323 1149 1314 1165 1354 1231 1357 1427 1326 1450 1448 1603 1523 1412 1230 1623 1439 1516 1336 1125 1288 1293 1230 1435 1318 1148 1373 1376 1527 1334 1384 1252 1294 1396 1445 1195 1296 1423 1397 1213 1292 1603 1477 1443 1522 1164 1439 1386 1447 1448 1598 1256 1280 1432 1186 1345 1499 1389 1208 1462 1518 1570 1355 1395
1240 1041 1160 1149 1260 1132 1175 1346 1157 1359 1270 1433 1348 1176 1116 1388 1312 1371 1243 1072 1267 1100 1115 1407 1175 1050 1229 1260 1216 1212 1250 1268 1232 1259 1363 1016 1153 1301 1240 1089 1275 1400 1348 1362 1279 1113 1239 1235 1431 1264 1232 1249 1154 1282 977 1162 1298 1255 989 1409 1346 1483 1151 1180
