1531 1308 1387 1381 1426 1310 1300 1381 1356 1268 1331 1195 1230 1400 1269 1324 1374 1407 1217 1368 1225 1351 1206 1368 1182 1227 1149 1237 1322 1500 1367 1154 1322 1252 1214 1257 1141 1258 1255 1201 1345 1388 1406 1225 1441 1112 1426 1390 1183 1165 1305 1372 1214 1402 1308 1361 1238 1262 1334 1358 1299 1511 1336 1133
1672 1516 1609 1387 1656 1465 1560 1526 1645 1250 1617 1426 1290 1530 1459 1545 1593 1651 1461 1486 1389 1461 1459 1412 1408 1478 1283 1401 1541 1581 1568 1394 1633 1485 1277 1286 1346 1515 1362 1328 1404 1561 1517 1369 1484 1417 1487 1551 1351 1372 1365 1627 1292 1489 1495 1330 1369 1477 1404 1595 1622 1454 1671 1225
1547 1281 1380 1306 1424 1404 1339 1387 1399 1139 1418 1373 1172 1440 1310 1405 1349 1499 1325 1335 1310 1395 1259 1312 1239 1240 1210 1276 1389 1496 1491 1235 1250 1298 1247 1321 1148 1315 1243 1124 1313 1528 1365 1265 1279 1201 1526 1333 1241 1306 1311 1420 1354 1343 1427 1308 1293 1353 1248 1277 1495 1437 1381 1137
1646 1470 1580 1412 1594 1425 1465 1549 1573 1415 1542 1280 1386 1434 1475 1500 1674 1580 1381 1509 1530 1721 1450 1577 1308 1473 1523 1365 1633 1604 1462 1372 1569 1336 1440 1422 1432 1396 1423 1404 1448 1702 1605 1524 1540 1434 1607 1651 1392 1386 1431 1605 1489 1632 1665 1408 1445 1562 1506 1516 1524 1628 1553 1362
1197 1125 1213 1130 1062 1193 1168 1076 1130 862 1211 996 944 1139 1038 1072 1213 1096 1201 1196 1212 1193 1118 1076 1079 1079 1120 998 1152 1293 1249 929 1135 1064 1037 1049 903 1126 1005 1024 1071 1267 1204 1166 1101 1157 1206 1080 1049 1069 1066 1047 1164 1125 1295 1025 1042 1029 973 1202 1279 1064 1264 979
1245 1078 934 987 1081 1049 1117 1136 1150 1003 1021 981 964 907 1000 1124 1063 1067 1003 1051 1029 1179 1119 1031 885 993 951 1015 1086 1202 1078 1004 1123 1031 1039 1150 995 1000 987 1132 983 1257 841 1014 1069 1057 1090 1060 1064 1079 981 1130 983 1080 1101 1011 984 1045 1046 1076 1085 954 1180 953
1628 1509 1447 1380 1588 1410 1480 1503 1540 1401 1440 1381 1325 1220 1438 1459 1502 1620 1295 1346 1362 1459 1350 1338 1265 1397 1254 1293 1557 1464 1339 1406 1333 1438 1223 1377 1331 1417 1298 1437 1409 1465 1427 1274 1395 1475 1374 1514 1331 1274 1319 1529 1309 1389 1460 1360 1388 1430 1540 1380 1416 1504 1485 1271
1201 1070 1086 1138 1092 1032 888 1090 1137 993 1023 950 840 1105 1007 1071 1167 1230 911 969 1095 1111 1108 1111 891 1052 1097 1015 1108 1125 988 944 989 1027 1077 999 854 1066 1091 1020 994 1305 1111 1006 1140 1033 1183 1032 920 1051 1193 1095 1016 1188 1229 1046 989 1060 997 975 1106 1044 1113 1023
1523 1316 1292 1331 1332 1353 1303 1318 1429 1243 1381 1251 1128 1148 1369 1438 1323 1455 1295 1296 1489 1464 1180 1302 1120 1257 1154 1211 1447 1370 1293 1181 1312 1229 1231 1209 1132 1115 1218 1191 1250 1512 1401 1218 1267 1209 1443 1359 1157 1147 1266 1419 1253 1434 1384 1203 1393 1337 1313 1254 1249 1433 1195 1172
1332 1175 1400 1291 1392 1242 1318 1344 1387 1158 1251 1280 952 1326 1231 1256 1347 1473 1260 1272 1235 1253 1273 1307 1213 1246 1222 1247 1340 1283 1319 1215 1264 1212 1176 1190 1032 1375 1187 1190 1167 1344 1296 1147 1275 1166 1325 1383 1049 1254 1209 1256 1151 1323 1415 1121 1273 1321 1192 1241 1393 1328 1293 1082
1194 977 1134 1068 1203 1028 1041 1316 1188 1011 1083 971 810 1065 1068 937 1154 1251 1083 993 1067 1058 1051 1042 903 1018 1011 907 1209 1119 1159 968 1111 1037 957 1005 988 1248 1011 1011 1022 1139 1273 955 1131 1007 1200 1080 995 862 1128 1120 1008 1124 1215 1040 1121 1052 1041 1028 1149 1257 990 1014
1399 1311 1247 1081 1433 1214 1363 1325 1479 1236 1338 1311 1088 1241 1271 1280 1370 1513 1178 1218 1232 1359 1174 1246 1044 1283 1168 1175 1363 1393 1340 1324 1356 1350 1200 1256 1207 1204 1204 1065 1232 1471 1292 1128 1267 1193 1335 1340 1269 1138 1304 1452 1169 1397 1322 1255 1071 1415 1186 1252 1342 1236 1306 1045
1567 1395 1518 1437 1501 1429 1486 1549 1480 1230 1465 1342 1259 1449 1404 1361 1563 1569 1344 1466 1364 1456 1519 1499 1258 1382 1501 1375 1469 1585 1466 1311 1509 1321 1291 1302 1255 1581 1383 1333 1387 1575 1567 1340 1519 1309 1552 1442 1248 1415 1378 1513 1283 1453 1510 1346 1309 1411 1363 1352 1494 1457 1486 1372
1476 1202 1284 1183 1392 1376 1352 1346 1495 1119 1353 1034 1054 1299 1284 1374 1376 1320 1417 1277 1435 1432 1215 1276 1123 1390 1237 1118 1435 1429 1357 1167 1334 1320 1150 1271 1218 1273 1222 1283 1187 1519 1323 1349 1290 1212 1346 1428 1164 1187 1244 1416 1301 1368 1411 1226 1330 1354 1228 1462 1402 1367 1393 1098
1582 1248 1310 1317 1564 1447 1375 1435 1365 1244 1308 1273 1177 1379 1415 1386 1341 1438 1287 1401 1431 1429 1409 1336 1110 1269 1237 1322 1552 1495 1415 1277 1509 1279 1073 1325 1217 1241 1221 1291 1261 1563 1343 1318 1313 1209 1413 1375 1192 1190 1287 1490 1287 1362 1321 1340 1282 1318 1273 1431 1320 1467 1452 1095
1452 1261 1320 1317 1401 1392 1303 1484 1383 1266 1377 1235 1049 1355 1202 1448 1497 1501 1356 1214 1470 1393 1348 1336 1130 1266 1173 1199 1502 1485 1441 1317 1381 1305 1224 1271 1228 1239 1307 1378 1184 1599 1361 1306 1457 1228 1554 1354 1238 1273 1399 1451 1294 1482 1486 1245 1284 1417 1242 1393 1411 1411 1430 1259
1383 1224 1293 1206 1364 1180 1165 1302 1347 1028 1362 1168 1117 1288 1198 1113 1370 1362 1194 1171 1172 1326 1108 1299 1002 1231 1125 1081 1250 1202 1247 1168 1273 1257 1257 1236 1007 1267 1205 1056 1281 1379 1317 1202 1262 1278 1276 1215 1213 1203 1323 1232 1131 1368 1349 1250 1162 1193 1215 1143 1416 1183 1238 1155
1309 1075 1248 1091 1244 1068 1050 1167 1205 1178 1199 948 879 1193 1188 1139 1282 1210 1124 1113 1205 1294 1121 1209 947 1207 1195 1061 1292 1198 1145 1008 1242 1071 977 1211 1065 1112 972 1093 1072 1340 1278 1130 1223 1235 1156 1216 1010 962 1077 1182 1075 1261 1254 1219 1085 1143 1002 1047 1202 1169 1172 1058
1496 1355 1234 1247 1300 1171 1362 1334 1527 1275 1224 1120 1003 1242 1185 1365 1410 1513 1234 1271 1267 1398 1280 1309 1067 1237 1385 1232 1374 1386 1293 1088 1303 1222 1169 1200 1102 1262 1187 1261 1315 1563 1237 1247 1254 1239 1201 1409 1210 1292 1353 1367 1190 1353 1403 1160 1157 1294 1317 1244 1431 1264 1254 1116
1402 1267 1384 1229 1426 1354 1361 1296 1611 1201 1216 1262 1063 1317 1420 1279 1514 1499 1273 1344 1472 1337 1461 1364 1116 1424 1334 1249 1499 1219 1349 1318 1318 1320 1279 1290 1068 1463 1363 1272 1278 1532 1411 1288 1387 1309 1399 1524 1197 1341 1312 1491 1187 1448 1453 1253 1324 1352 1334 1367 1493 1455 1393 1154
1371 1208 1185 1250 1203 1260 1266 1261 1413 1200 1159 1185 971 1065 1276 1236 1188 1314 1232 1203 1192 1227 1262 1238 1094 1157 1157 1208 1351 1224 1247 1167 1130 1194 1081 1189 985 1210 1178 1185 1180 1325 1215 1171 1147 1126 1229 1243 1032 1206 1223 1457 1125 1207 1208 1243 1206 1205 1280 1223 1357 1303 1252 1084
1555 1288 1320 1321 1436 1255 1309 1304 1436 1293 1247 1249 919 1288 1332 1330 1372 1392 1305 1381 1488 1382 1326 1237 1139 1247 1196 1330 1459 1429 1484 1286 1306 1417 1166 1338 1169 1395 1220 1287 1322 1514 1445 1241 1306 1269 1325 1432 1178 1161 1306 1399 1234 1443 1537 1286 1214 1267 1207 1366 1406 1453 1284 1108
1425 1150 1203 1089 1208 1139 1103 1237 1299 1012 1180 1088 1014 1158 1282 1205 1232 1300 1068 1242 1283 1250 1316 1174 1023 1079 1044 1124 1245 1264 1250 995 1280 1247 1123 1076 994 1179 1148 1074 1145 1265 1148 1118 1157 1036 1339 1246 998 1128 1130 1277 1172 1225 1177 1100 1209 1143 1144 1267 1175 1307 1154 1062
1407 1280 1355 1282 1350 1220 1170 1439 1219 1137 1249 1179 1023 1297 1348 1364 1541 1378 1194 1343 1367 1326 1347 1353 1175 1170 1175 1253 1406 1367 1316 1200 1358 1367 1204 1185 1108 1384 1336 1260 1357 1559 1437 1180 1489 1187 1457 1345 1069 1205 1364 1380 1248 1497 1501 1147 1284 1231 1247 1264 1456 1345 1277 1206
1307 1303 1457 1143 1356 1193 1136 1489 1357 1200 1311 1053 986 1343 1310 1209 1435 1440 1238 1246 1320 1355 1223 1296 1012 1250 1221 1111 1425 1308 1161 1187 1278 1299 1089 1185 1207 1397 1206 1238 1059 1404 1477 1286 1396 1326 1184 1456 1239 1252 1352 1363 1162 1366 1404 1323 1092 1315 1179 1305 1393 1234 1449 1177
1460 1224 1352 1329 1233 1380 1266 1329 1280 1052 1313 1128 1050 1259 1282 1210 1309 1309 1288 1294 1370 1377 1330 1281 1187 1245 1258 1223 1324 1433 1421 1191 1375 1167 1198 1195 1127 1279 1147 1131 1207 1403 1362 1208 1264 1248 1393 1200 1169 1181 1130 1335 1212 1270 1341 1272 1293 1152 1193 1416 1390 1332 1338 1156
1454 1308 1419 1341 1432 1271 1315 1363 1522 1223 1394 1241 1067 1467 1315 1225 1369 1405 1294 1319 1426 1399 1385 1466 1251 1314 1310 1235 1415 1583 1543 1198 1385 1305 1283 1407 1108 1361 1217 1250 1362 1584 1461 1322 1365 1249 1370 1484 1136 1347 1358 1337 1172 1394 1342 1321 1237 1451 1331 1385 1445 1412 1433 1204
1627 1370 1393 1351 1527 1222 1355 1464 1523 1291 1451 1222 1180 1353 1337 1242 1466 1479 1231 1353 1378 1504 1350 1370 1122 1458 1315 1164 1486 1365 1335 1140 1526 1316 1248 1348 1218 1257 1179 1353 1245 1564 1428 1303 1369 1384 1301 1402 1307 1315 1369 1406 1246 1445 1380 1378 1320 1339 1399 1444 1460 1427 1490 1312
1642 1435 1562 1447 1591 1435 1577 1643 1495 1377 1601 1326 1279 1465 1433 1502 1631 1742 1481 1591 1650 1492 1309 1486 1082 1557 1287 1417 1498 1642 1602 1310 1600 1387 1366 1457 1388 1381 1286 1537 1373 1733 1474 1553 1634 1523 1453 1469 1419 1329 1508 1569 1497 1613 1746 1370 1440 1450 1387 1364 1486 1450 1460 1402
1535 1341 1379 1310 1614 1372 1415 1414 1458 1240 1473 1302 1291 1396 1347 1330 1533 1530 1237 1521 1475 1359 1399 1394 1097 1299 1312 1326 1434 1685 1586 1401 1401 1406 1333 1425 1201 1434 1237 1239 1465 1534 1422 1337 1418 1345 1380 1397 1280 1307 1257 1441 1158 1350 1440 1415 1342 1339 1350 1356 1380 1460 1493 1256
1517 1377 1405 1318 1540 1320 1307 1403 1511 1280 1336 1296 1316 1338 1394 1375 1424 1434 1283 1335 1491 1490 1348 1403 1171 1391 1304 1196 1619 1437 1437 1309 1397 1208 1183 1489 1243 1498 1245 1370 1357 1539 1485 1460 1467 1479 1466 1422 1196 1365 1457 1428 1299 1344 1435 1383 1226 1373 1379 1340 1426 1561 1373 1278
1366 1163 1125 1038 1281 1222 1184 1310 1211 1154 1301 1021 1057 1104 1241 1234 1237 1328 1163 1135 1260 1306 1090 1145 972 1141 1073 1165 1362 1279 1164 1132 1283 1186 1017 1199 1125 1085 1057 1110 1140 1270 1211 1106 1148 1119 1258 1300 1032 1044 1178 1340 1117 1262 1119 1142 1122 1190 1107 1195 1127 1258 1162 1052
1520 1316 1437 1484 1599 1457 1350 1464 1502 1168 1492 1320 1196 1479 1356 1529 1570 1561 1345 1394 1414 1451 1408 1459 1278 1401 1398 1398 1502 1676 1518 1426 1437 1200 1314 1371 1169 1301 1253 1247 1296 1643 1484 1412 1362 1272 1534 1422 1213 1432 1351 1471 1410 1409 1517 1393 1437 1424 1295 1576 1547 1502 1518 1304
1215 1043 1058 970 1178 1035 1062 1122 1227 980 1045 972 1006 1009 942 1186 1157 1176 1063 1091 1114 1172 1077 1009 878 963 1025 954 1209 1255 1173 1040 1092 987 1057 1065 1005 1149 1064 993 1028 1179 1061 1147 1106 1060 1167 1078 1057 1140 1177 1137 1025 1104 1252 957 966 1114 1006 1147 1205 1186 1097 992
1487 1278 1299 1373 1513 1311 1273 1386 1495 1164 1389 1234 1223 1326 1360 1313 1365 1459 1217 1281 1474 1403 1358 1430 1004 1441 1313 1267 1475 1371 1459 1218 1381 1182 1218 1213 1190 1350 1288 1293 1178 1552 1333 1349 1309 1370 1427 1347 1188 1156 1323 1472 1338 1464 1395 1202 1301 1334 1229 1336 1339 1444 1344 1225
1554 1413 1472 1268 1470 1454 1461 1521 1450 1198 1494 1326 1190 1437 1605 1376 1505 1585 1352 1414 1463 1419 1353 1391 1291 1406 1280 1433 1493 1523 1520 1326 1510 1407 1255 1404 1240 1450 1374 1284 1456 1498 1479 1415 1408 1315 1528 1541 1204 1372 1339 1513 1382 1453 1435 1312 1446 1479 1337 1417 1553 1479 1353 1214
1332 1136 1221 1172 1280 1251 1241 1335 1261 1164 1229 1124 1045 1265 1225 1173 1291 1389 1080 1221 1229 1282 1235 1179 986 1201 1103 1140 1299 1292 1338 1088 1266 1087 1105 1210 1052 1182 1166 1177 1166 1343 1232 1166 1338 1102 1252 1275 1152 1210 1226 1243 1087 1282 1269 1187 1110 1170 1254 1222 1211 1309 1178 1116
1526 1274 1473 1372 1584 1395 1364 1638 1587 1476 1406 1349 1109 1373 1469 1445 1581 1683 1372 1402 1495 1468 1474 1463 1288 1376 1441 1326 1609 1515 1555 1349 1545 1389 1356 1405 1332 1387 1426 1251 1302 1658 1591 1408 1450 1256 1589 1550 1265 1354 1467 1587 1370 1516 1508 1385 1575 1535 1443 1496 1558 1646 1480 1355
1471 1345 1396 1409 1554 1288 1325 1396 1416 1167 1486 1287 1185 1305 1327 1310 1398 1480 1231 1254 1294 1510 1214 1409 1212 1315 1130 1224 1380 1453 1426 1270 1431 1286 1289 1282 1139 1201 1178 1270 1352 1534 1365 1339 1390 1310 1379 1369 1160 1234 1393 1314 1286 1457 1380 1175 1226 1389 1410 1401 1433 1403 1386 1147
1293 959 1205 1188 1298 1138 1177 1196 1224 993 1136 1101 966 1254 1133 1148 1140 1467 1078 1070 1294 1198 1200 1197 913 1265 1066 1046 1228 1145 1108 1141 1192 1042 1055 1132 904 1112 954 1136 916 1437 1226 976 1158 1065 1215 1099 998 1166 1082 1192 1084 1155 1243 1100 1059 1256 1052 1091 1115 1147 1253 1059
1666 1379 1388 1347 1623 1505 1520 1665 1551 1287 1476 1415 1340 1392 1475 1440 1579 1744 1395 1457 1497 1393 1431 1334 1254 1476 1271 1305 1570 1607 1518 1316 1458 1443 1398 1326 1280 1551 1342 1389 1305 1505 1539 1313 1409 1429 1565 1524 1384 1419 1423 1489 1375 1437 1620 1368 1516 1351 1425 1441 1492 1479 1581 1326
1654 1508 1526 1498 1529 1385 1363 1516 1661 1199 1457 1231 1258 1421 1455 1499 1554 1455 1395 1443 1577 1644 1482 1485 1311 1508 1384 1307 1578 1562 1472 1332 1500 1420 1319 1351 1251 1337 1274 1523 1441 1816 1522 1477 1363 1436 1638 1553 1319 1402 1461 1502 1638 1566 1598 1345 1442 1413 1518 1520 1519 1559 1428 1244
1399 1232 1343 1279 1382 1124 1223 1343 1311 1098 1307 1150 1016 1301 1157 1301 1389 1344 1175 1250 1208 1199 1221 1149 1093 1243 1087 1062 1361 1338 1155 1224 1290 1287 1053 1135 989 1130 1125 1197 1181 1393 1385 1187 1214 1205 1325 1188 1174 1140 1168 1292 1116 1246 1400 1182 1176 1234 1093 1319 1253 1253 1342 1052
1317 1144 1398 1197 1267 1189 1247 1268 1273 1016 1215 1061 1022 1292 1205 1195 1284 1302 1152 1170 1157 1254 1228 1138 1153 1333 1108 1194 1272 1141 1154 1170 1310 1165 949 1164 1091 1148 1096 1207 1136 1246 1267 1161 1242 1200 1266 1187 925 1082 1083 1265 1124 1230 1258 1116 1163 1174 1165 1194 1188 1204 1259 959
1401 1177 1288 1242 1395 1235 1249 1323 1377 1253 1225 1212 977 1245 1305 1211 1348 1392 1190 1255 1188 1318 1207 1237 1068 1223 1285 1182 1307 1325 1269 1188 1309 1216 1155 1196 1103 1198 1209 1081 1194 1441 1391 1167 1341 1134 1301 1343 1121 1182 1250 1372 1011 1390 1255 1270 1135 1232 1276 1276 1257 1378 1246 1198
1395 1304 1388 1203 1341 1298 1344 1372 1329 1249 1377 1189 1232 1166 1326 1346 1426 1445 1215 1335 1424 1355 1381 1341 1098 1221 1221 1203 1451 1418 1419 1225 1355 1307 1070 1180 1204 1444 1246 1270 1267 1444 1440 1361 1415 1251 1441 1358 1193 1279 1224 1443 1263 1232 1344 1156 1161 1304 1266 1292 1401 1398 1430 1226
1500 1305 1304 1243 1397 1450 1295 1441 1248 1219 1310 1151 1091 1403 1351 1402 1440 1397 1362 1329 1608 1437 1310 1218 1081 1347 1286 1216 1699 1386 1345 1339 1315 1248 1118 1288 1264 1401 1309 1281 1166 1516 1422 1382 1362 1259 1411 1291 1227 1315 1417 1458 1302 1449 1530 1275 1090 1272 1148 1404 1413 1402 1463 1182
1257 1076 1096 1013 1073 1175 1090 1164 1213 992 1146 963 1010 1009 1015 1176 1169 1245 1094 1111 1228 1281 1267 1135 982 1030 1112 938 1243 1164 1095 1102 1139 1020 963 1143 1009 1062 984 1124 1133 1300 1210 1126 1241 1143 1097 1133 1047 1156 1093 1188 1024 1092 1175 1109 1119 1201 1140 1143 1157 1246 1146 1064
1384 1113 1229 1273 1296 1405 1179 1268 1213 1044 1292 1010 1093 1183 1177 1145 1304 1321 1165 1160 1234 1333 1240 1162 1036 1138 1088 1231 1305 1232 1224 1303 1261 1216 1074 1224 1032 1112 1109 1137 1264 1324 1208 1096 1196 1099 1214 1094 1012 1172 1233 1274 1096 1180 1195 1204 1196 1154 1271 1327 1251 1361 1250 1111
1387 1230 1427 1252 1372 1388 1351 1379 1389 1121 1522 1170 1172 1347 1311 1216 1507 1566 1315 1367 1402 1464 1202 1320 1027 1282 1327 1202 1330 1475 1489 1135 1385 1164 1333 1305 1200 1251 1181 1092 1247 1560 1478 1260 1458 1249 1474 1289 1373 1100 1291 1350 1305 1484 1511 1285 1248 1304 1253 1296 1325 1366 1298 1297
1477 1167 1349 1264 1311 1202 1105 1348 1304 968 1301 1170 1113 1241 1285 1333 1371 1302 1102 1261 1349 1301 1345 1106 1100 1178 1060 1251 1463 1281 1268 1119 1174 1198 1260 1266 1110 1321 1126 1262 1211 1383 1278 1115 1181 1101 1420 1376 1099 1201 1166 1296 1229 1357 1356 1245 1217 1253 1400 1146 1290 1411 1197 1174
1758 1266 1464 1414 1556 1457 1525 1513 1488 1367 1593 1383 1258 1431 1430 1414 1482 1714 1358 1479 1630 1627 1418 1451 1232 1456 1342 1346 1452 1591 1555 1392 1611 1428 1450 1433 1381 1399 1254 1375 1362 1572 1565 1332 1453 1429 1528 1416 1299 1235 1319 1492 1427 1546 1716 1375 1498 1375 1344 1435 1489 1592 1396 1210
1412 1293 1387 1311 1439 1394 1372 1394 1507 1282 1398 1367 1085 1302 1371 1326 1422 1541 1264 1339 1379 1411 1365 1343 1172 1316 1210 1321 1486 1443 1434 1257 1370 1354 1168 1307 1194 1304 1261 1234 1143 1462 1351 1145 1248 1199 1313 1344 1241 1226 1305 1502 1227 1354 1373 1284 1260 1327 1284 1419 1327 1355 1449 1108
1582 1306 1438 1250 1598 1434 1444 1587 1567 1180 1476 1261 1172 1410 1364 1355 1404 1613 1431 1398 1283 1447 1299 1351 1012 1271 1368 1279 1404 1673 1443 1178 1423 1280 1277 1262 1255 1326 1179 1207 1241 1544 1333 1284 1359 1304 1380 1460 1241 1221 1360 1388 1298 1448 1391 1281 1346 1444 1317 1401 1388 1488 1352 1238
1468 1207 1353 1277 1392 1346 1393 1485 1438 1217 1282 1230 1128 1353 1316 1328 1388 1434 1291 1303 1326 1384 1407 1397 1090 1392 1311 1188 1514 1357 1326 1215 1406 1285 1280 1386 1140 1365 1362 1206 1263 1416 1363 1231 1354 1167 1435 1384 1205 1227 1343 1485 1173 1385 1384 1182 1317 1354 1217 1327 1335 1362 1377 1166
1419 1439 1458 1404 1429 1401 1309 1420 1449 1351 1348 1243 1145 1379 1381 1382 1436 1565 1321 1323 1395 1404 1285 1451 1100 1226 1308 1295 1444 1521 1451 1177 1365 1206 1253 1357 1204 1296 1296 1230 1300 1545 1346 1309 1364 1267 1408 1464 1260 1169 1325 1447 1374 1406 1373 1274 1211 1297 1304 1382 1377 1356 1388 1156
1385 1079 1161 1104 1201 1271 1161 1158 1353 1105 1219 1001 1009 1190 1132 1279 1190 1376 1192 1168 1110 1278 1153 1153 1027 1197 1166 1146 1294 1202 1146 1043 1083 1230 999 1112 1007 1080 1126 1002 1119 1313 1180 1090 1075 1054 1211 1226 1056 1103 1160 1366 1145 1191 1189 1141 1179 1230 1082 1175 1218 1300 1196 944
1530 1115 1306 1370 1483 1270 1327 1428 1320 1256 1272 1280 1027 1313 1268 1294 1301 1373 1307 1395 1418 1285 1293 1325 1159 1296 1342 1180 1389 1455 1422 1191 1392 1122 1222 1281 1120 1259 1121 1175 1240 1621 1461 1249 1317 1142 1398 1353 1187 1138 1202 1327 1295 1386 1461 1311 1287 1290 1247 1376 1344 1451 1375 1229
1375 1266 1355 1322 1340 1148 1319 1264 1431 1185 1310 1178 1046 1387 1185 1256 1231 1297 1263 1210 1187 1302 1115 1409 1084 1156 1118 1168 1215 1450 1337 995 1299 1164 1180 1158 1029 1121 1171 1118 1116 1413 1237 1227 1205 1023 1232 1400 1169 1131 1280 1234 1143 1397 1234 1145 1122 1313 1233 1272 1300 1247 1294 1040
1826 1475 1514 1592 1675 1608 1563 1707 1701 1448 1641 1466 1350 1667 1466 1616 1653 1628 1556 1581 1597 1579 1546 1532 1359 1624 1476 1440 1649 1665 1701 1407 1626 1483 1492 1599 1399 1569 1422 1562 1552 1820 1582 1512 1615 1487 1623 1613 1448 1382 1590 1615 1533 1724 1690 1613 1568 1453 1571 1479 1613 1658 1544 1366
1592 1308 1347 1352 1392 1393 1254 1313 1423 1356 1318 1195 1182 1375 1338 1496 1468 1382 1220 1376 1378 1451 1425 1384 1215 1272 1262 1308 1441 1488 1381 1208 1424 1271 1166 1347 1245 1278 1317 1297 1289 1600 1382 1399 1470 1351 1357 1364 1279 1231 1440 1508 1298 1440 1484 1346 1180 1322 1250 1346 1411 1398 1444 1169
1321 1165 1293 1251 1328 1267 1233 1288 1282 1120 1219 1222 1080 1238 1162 1230 1416 1354 1213 1270 1233 1224 1309 1347 1155 1185 1180 1163 1371 1270 1324 1230 1318 1131 1164 1126 1025 1318 1145 1197 1211 1348 1254 1099 1302 1156 1328 1306 1030 1252 1220 1351 1113 1221 1296 1229 1168 1097 1248 1375 1396 1315 1352 1161
1339 1062 1125 1114 1187 1064 1186 1211 1150 1049 1283 1033 965 1143 1021 1244 1143 1251 1023 1032 1091 1236 1106 1083 1040 1148 1069 1048 1154 1267 1196 980 1249 1116 922 1051 1038 921 940 1046 1054 1249 1203 1024 1126 1001 1240 1123 926 939 1010 1159 1128 1182 1082 1068 1055 1100 1074 1148 1070 1119 1175 910
1427 1222 1258 1151 1367 1247 1233 1347 1483 1172 1128 1269 1038 1249 1266 1264 1207 1372 1286 1263 1277 1309 1347 1373 1084 1176 1252 1022 1311 1409 1297 1175 1295 1137 1191 1094 1085 1222 1064 1254 1109 1526 1285 1228 1300 1226 1360 1410 1175 1354 1217 1380 1219 1293 1327 1245 1291 1224 1313 1391 1368 1393 1284 1120
