0 0 9 0 7 27 0 5 0 57 7 0 0 0 4 0 0 0 0 0 0 24 0 0 0 12 3 0 0 24 14 0 0 0 0 9 0 0 9 28 0 0 63 0 28 0 5 6 0 0 0 0 0 0 9 21 27 0 0 0 0 0 0 0
0 0 10 8 24 0 0 56 0 0 0 0 0 0 0 0 2 64 0 0 0 31 0 0 0 1 12 0 4 0 0 0 42 0 0 16 60 0 0 21 70 0 20 12 24 6 4 0 0 0 0 64 6 63 0 0 0 4 0 56 0 0 0 0
0 0 0 203 14 28 10 172 0 18 30 117 34 0 40 0 0 24 3 10 0 22 80 5 0 15 3 74 40 154 48 49 61 50 0 0 108 7 0 40 18 0 0 15 0 0 45 35 0 0 0 91 0 32 41 83 50 15 72 1 90 0 0 12
78 87 0 24 49 72 0 0 8 28 16 20 0 103 0 63 0 14 0 72 46 49 0 0 40 0 56 0 32 21 0 0 24 4 0 24 54 0 49 56 0 64 38 28 0 0 30 0 63 28 0 16 99 16 32 0 64 35 0 8 16 21 30 21
0 0 10 0 6 0 0 27 0 2 0 0 3 0 0 0 0 64 0 0 0 11 0 50 0 0 17 26 0 8 0 0 0 16 0 4 21 12 0 0 14 35 5 3 6 0 0 18 0 0 0 16 0 0 0 48 0 0 0 78 0 10 16 10
0 6 0 0 0 0 0 27 2 0 4 4 3 10 0 0 0 0 0 18 4 40 56 0 10 0 0 18 0 0 0 0 0 0 0 32 19 72 27 0 0 14 32 0 0 0 0 56 0 0 0 56 68 72 0 0 88 0 0 2 54 0 0 81
16 0 0 36 0 0 0 4 0 0 0 0 10 0 0 0 0 64 0 12 0 16 0 0 0 30 54 24 0 18 0 2 10 0 10 0 0 110 12 16 0 0 0 4 0 14 54 0 0 0 0 42 16 0 0 56 34 18 0 2 24 0 0 52
0 0 0 63 0 0 0 30 0 48 0 63 9 0 84 0 0 0 24 0 16 0 18 7 0 0 18 0 56 70 0 3 0 15 25 118 0 0 8 0 0 0 56 10 0 35 30 8 0 15 0 0 0 60 89 55 12 0 6 9 126 0 0 0
63 48 7 63 0 0 25 5 0 8 0 63 89 0 39 0 0 0 0 0 44 0 48 10 0 48 3 0 40 63 40 38 0 0 40 9 0 0 0 78 0 43 7 0 7 64 40 0 0 40 0 24 64 28 9 129 52 0 48 64 40 56 35 0
0 35 10 0 45 0 0 8 0 12 0 0 20 27 0 27 0 96 0 0 0 20 28 20 81 12 39 31 0 42 0 4 41 45 0 30 0 0 18 32 103 0 16 75 0 0 0 28 27 0 0 84 49 36 15 24 4 0 8 32 0 9 8 4
6 0 0 0 0 0 0 0 0 0 0 0 0 0 14 0 0 21 6 0 4 0 0 0 0 9 22 9 0 0 0 0 6 0 0 16 0 24 0 0 0 0 14 18 0 0 0 0 0 0 0 0 0 8 0 21 0 0 0 0 12 0 0 0
72 21 27 0 0 0 5 81 1 54 2 3 9 25 12 33 0 0 0 9 42 0 3 0 5 0 0 58 0 24 12 15 6 1 0 6 66 0 20 0 0 17 41 8 6 0 40 0 72 32 0 4 45 4 0 0 23 40 27 1 4 6 40 24
72 6 0 1 0 36 18 0 2 0 58 85 0 10 103 42 0 0 12 19 52 0 72 0 10 0 48 48 2 0 0 0 0 81 0 32 10 0 0 0 0 14 40 27 0 0 40 63 2 0 0 12 20 16 0 54 139 0 3 2 105 0 40 0
6 0 0 0 0 0 0 24 0 26 0 6 15 0 0 56 0 21 0 0 12 0 30 0 8 9 82 31 0 0 0 25 18 0 0 0 24 24 0 9 0 0 0 0 0 0 0 0 0 25 0 8 16 27 0 103 76 0 46 39 25 0 0 0
0 54 33 12 0 0 0 0 0 56 0 0 0 56 26 64 6 0 0 0 0 0 0 0 0 0 0 0 0 0 12 4 0 0 0 0 24 0 36 0 21 6 0 24 6 9 0 0 0 0 0 0 75 0 0 0 10 0 0 0 4 18 0 0
0 5 5 63 15 0 0 0 0 1 0 63 0 0 0 0 0 0 0 0 0 3 0 5 27 0 0 9 0 67 3 2 0 23 0 0 6 6 0 0 18 5 0 0 0 0 0 9 9 0 0 7 7 28 7 49 0 0 0 0 6 5 0 5
0 0 0 32 0 0 0 45 10 0 0 0 0 0 21 0 4 0 0 7 0 32 0 0 0 0 12 0 14 0 8 6 20 0 4 0 45 28 0 16 10 0 28 0 0 0 0 0 14 0 0 42 56 18 0 15 0 0 21 4 0 0 0 28
3 0 35 106 21 9 0 0 0 89 0 72 0 8 49 0 6 6 39 11 8 80 0 35 0 0 7 0 6 100 48 40 0 56 0 32 114 42 0 7 0 6 32 0 24 40 45 63 2 0 0 41 8 48 4 56 0 15 3 0 42 35 0 35
0 0 0 0 0 0 0 72 0 0 0 0 0 0 0 0 0 0 0 0 0 0 0 0 0 0 0 0 0 0 0 0 54 0 0 0 72 0 0 27 0 0 0 0 0 0 0 0 0 0 0 0 0 81 0 0 0 0 0 72 0 0 0 0
0 0 0 3 0 0 0 0 0 14 0 0 0 0 9 0 0 0 0 3 0 0 0 0 0 0 0 0 6 0 0 35 0 0 0 0 0 0 0 0 0 0 12 0 0 0 0 0 6 0 0 18 24 0 0 0 0 0 72 0 0 0 0 0
10 0 21 0 0 99 18 0 0 82 54 87 0 8 72 0 0 41 0 0 12 56 72 5 8 43 30 58 0 56 48 0 0 81 0 0 72 40 21 0 0 0 0 27 24 0 0 77 0 0 0 0 0 0 0 41 144 0 0 8 97 0 2 0
0 0 0 2 0 0 0 0 0 0 0 0 0 0 0 0 4 0 0 0 0 0 0 3 6 0 0 0 24 3 0 0 0 7 0 0 0 0 0 0 0 0 0 0 0 0 0 0 0 0 0 0 0 0 15 0 0 0 0 0 27 0 0 0
46 0 0 65 0 0 16 10 20 12 0 63 25 0 18 0 0 136 0 0 12 0 0 30 0 39 48 30 45 153 6 5 25 0 0 6 0 76 30 40 21 0 0 0 0 0 0 0 0 16 0 24 0 34 15 141 5 0 0 93 0 0 12 5
0 93 79 60 0 0 0 0 20 66 0 54 27 81 30 96 18 0 9 6 0 60 117 0 0 5 25 0 86 63 0 21 0 42 0 36 0 0 54 32 0 0 60 48 0 0 32 63 12 99 0 99 222 141 15 60 51 20 48 27 45 27 0 0
0 53 63 45 0 0 40 81 0 0 0 0 0 0 0 0 0 0 0 0 81 7 24 0 0 18 0 32 0 0 53 38 36 0 16 0 81 0 0 0 18 165 0 0 63 24 0 0 0 0 0 94 49 0 49 27 0 0 12 15 48 0 0 0
0 20 0 5 0 0 0 9 10 0 0 0 0 0 0 0 14 0 0 0 0 15 0 0 0 5 10 0 20 15 0 0 19 0 0 0 9 0 0 16 2 0 0 45 0 0 20 0 0 0 0 0 15 18 0 3 0 20 20 0 0 0 0 0
0 18 30 4 0 0 30 0 6 21 12 12 48 30 42 0 6 0 24 54 12 10 36 37 30 4 0 0 5 20 16 50 0 40 32 0 68 30 0 36 14 48 0 0 0 3 0 45 0 30 0 0 3 0 0 14 96 0 12 24 30 25 0 26
0 90 0 0 18 0 0 0 0 24 0 0 0 54 16 54 3 0 3 0 2 51 42 0 0 0 9 0 0 27 0 2 0 0 10 32 0 0 36 0 0 3 46 37 18 14 0 42 0 0 0 42 105 58 0 0 0 0 36 0 6 18 0 0
0 73 0 0 8 0 0 63 0 148 8 24 7 45 0 45 0 0 0 0 48 0 0 0 32 0 16 66 0 30 16 0 0 0 0 0 27 0 33 32 0 40 84 20 32 0 0 0 27 12 0 0 66 0 0 24 0 15 28 16 0 15 0 9
0 0 10 0 0 0 0 10 45 20 0 0 25 0 0 0 18 20 0 0 0 4 0 10 0 15 0 0 0 53 64 98 25 16 32 0 12 12 0 112 0 0 0 0 0 0 0 18 0 0 0 0 0 81 0 0 5 0 81 0 0 10 0 15
0 0 60 0 0 54 20 0 0 81 0 45 20 0 84 0 0 12 24 0 70 48 0 18 36 24 0 45 54 63 0 0 0 42 16 64 10 6 23 24 0 4 76 12 0 0 12 12 45 74 0 42 30 32 0 12 70 25 0 16 55 0 4 15
21 57 0 60 0 71 4 0 5 0 22 55 0 25 16 0 24 0 0 45 10 45 16 0 61 42 49 8 28 27 0 0 0 42 0 0 25 0 0 49 0 63 0 6 0 96 0 14 0 0 0 21 0 12 28 21 58 0 28 40 32 0 0 0
45 9 14 0 0 0 0 95 0 44 0 0 6 9 20 23 0 0 0 0 25 10 14 0 0 0 66 40 0 0 0 0 12 0 0 53 34 0 6 6 0 0 13 4 0 0 50 14 0 0 0 16 21 36 66 18 14 0 0 16 0 3 25 0
18 0 0 0 0 0 0 54 0 16 0 0 6 0 1 0 0 0 24 0 10 0 0 0 0 0 12 36 0 0 0 32 3 2 0 0 18 0 2 0 0 25 2 9 0 0 10 2 0 0 0 0 0 0 0 0 0 0 0 10 0 0 10 0
32 0 0 0 0 0 20 0 28 0 0 45 0 0 14 0 0 0 0 0 0 0 0 0 0 0 24 40 0 0 42 14 0 8 63 0 0 15 0 0 7 0 0 14 0 49 0 0 0 0 0 0 0 0 0 0 0 0 32 0 0 0 0 0
0 0 0 1 0 36 26 5 0 28 54 81 24 0 85 0 12 72 21 0 6 0 120 0 0 8 3 36 10 0 3 36 0 81 0 27 12 1 0 0 77 0 0 27 0 0 5 63 0 48 0 72 0 3 9 20 113 0 16 24 121 0 0 2
0 72 15 12 0 0 0 0 0 32 0 0 0 72 46 72 0 0 12 0 8 9 0 1 0 0 0 0 8 1 54 18 0 1 0 32 6 0 48 0 30 0 28 32 0 17 0 0 0 0 0 18 81 16 5 0 0 0 0 0 36 24 0 0
0 0 0 41 2 9 17 0 0 68 8 45 0 0 89 0 12 0 27 6 54 18 42 0 24 6 12 50 36 20 34 0 0 9 0 72 0 54 18 8 0 54 105 3 8 0 24 7 12 0 0 71 72 36 10 6 57 24 18 12 99 0 0 54
0 60 6 81 30 18 0 0 5 20 10 91 0 70 0 45 0 0 0 45 10 16 0 0 79 8 0 18 0 97 0 0 0 30 0 0 25 0 36 0 36 35 0 20 0 0 0 4 18 0 0 0 45 36 0 63 58 0 0 5 0 15 0 0
0 84 60 32 0 0 0 0 0 36 0 0 0 72 0 72 0 0 0 0 0 8 0 20 0 12 0 0 0 19 0 0 0 32 0 0 42 24 49 0 56 8 4 32 0 40 0 36 9 4 0 6 96 0 0 0 0 5 8 10 0 44 0 23
6 0 25 0 0 0 0 0 0 21 0 59 0 2 0 0 0 21 0 0 0 10 0 25 0 9 18 57 0 20 12 0 30 45 0 30 48 120 18 0 0 10 5 0 6 0 0 45 0 0 0 20 69 20 0 21 48 0 0 0 40 25 0 79
0 24 0 12 0 4 2 16 0 0 6 9 0 0 8 0 24 0 0 0 0 0 8 0 36 24 0 4 0 0 0 0 12 33 0 0 16 0 0 6 0 16 0 3 0 32 0 7 0 0 0 12 0 18 0 0 9 0 16 36 9 0 0 0
0 45 63 0 0 0 0 0 0 8 0 0 0 0 5 0 12 0 0 0 0 99 0 0 0 6 27 0 105 3 27 38 0 73 0 0 2 63 11 0 0 45 4 18 0 0 42 10 9 85 0 63 108 0 63 0 0 29 36 9 54 0 0 66
52 0 83 25 0 0 15 0 10 0 0 9 0 0 0 0 4 56 0 0 92 0 9 0 0 24 54 36 9 9 0 0 0 7 0 0 8 64 0 16 28 87 4 2 56 12 22 0 0 9 0 0 17 22 0 63 0 0 0 6 0 0 20 0
0 16 42 30 35 0 20 0 0 0 0 0 0 0 0 0 0 0 0 10 54 0 12 0 63 0 0 37 0 12 24 18 0 35 12 0 0 0 0 0 42 68 0 0 42 0 45 0 21 0 0 35 12 0 0 0 0 15 16 0 0 0 0 0
10 45 0 54 0 24 12 25 0 40 36 54 0 0 68 0 8 35 0 18 0 21 48 0 0 19 45 39 16 12 27 18 0 54 0 45 8 56 10 0 0 45 16 18 0 0 122 42 36 16 0 126 71 0 108 35 70 63 0 0 120 0 0 30
0 20 0 42 36 0 20 0 0 0 0 9 0 0 17 0 0 0 0 14 0 42 12 0 0 0 18 24 0 15 42 14 0 6 0 0 0 3 6 0 7 32 30 18 36 0 63 6 0 0 0 49 15 0 0 0 0 21 20 0 0 0 0 0
0 0 14 0 40 0 5 4 0 0 0 0 15 0 7 0 42 8 0 0 0 64 0 2 72 34 59 24 35 18 0 2 10 40 4 0 42 56 0 22 97 1 0 0 0 0 0 0 24 0 0 0 0 0 21 14 6 0 0 8 0 0 0 65
18 20 0 0 0 0 25 0 0 0 0 0 24 0 0 0 0 63 0 0 0 4 63 0 0 27 54 47 0 0 12 16 0 0 0 0 0 72 0 0 0 60 0 0 0 0 0 0 0 40 0 28 28 0 28 79 32 0 16 24 64 0 0 0
0 0 0 52 0 0 0 0 0 0 0 0 0 0 54 0 50 0 0 12 0 0 0 0 48 0 0 0 0 0 0 12 0 32 0 0 0 0 0 0 0 18 0 0 0 0 54 0 0 0 0 42 0 0 0 0 0 18 0 0 0 0 0 0
0 0 63 0 0 0 0 0 0 56 0 0 0 0 28 35 0 0 0 0 0 54 0 7 0 0 0 0 56 19 0 0 0 7 0 0 8 0 4 0 0 0 16 0 0 48 0 0 36 16 0 0 42 0 35 0 35 20 0 0 63 0 0 12
0 9 0 30 45 0 0 0 8 0 6 6 0 15 44 0 5 0 15 37 16 0 0 0 96 0 0 27 0 0 0 2 0 45 0 40 15 0 0 8 54 24 35 0 0 0 45 0 27 0 0 35 0 29 0 0 24 15 0 3 30 0 0 0
12 0 0 6 30 36 66 54 0 89 59 87 6 0 133 0 0 42 0 0 48 0 72 0 53 18 36 111 0 0 28 0 0 120 0 0 18 54 14 20 30 0 45 27 20 0 0 77 15 48 0 0 0 18 0 57 81 0 0 0 81 0 0 0
0 0 0 0 24 0 45 4 0 0 0 0 10 0 0 0 0 8 0 0 0 28 27 0 0 6 12 36 0 18 0 2 10 0 5 0 0 0 0 16 0 72 20 14 24 7 0 0 0 0 0 0 0 0 0 0 2 0 0 0 0 0 0 2
0 42 0 14 48 10 4 4 0 0 12 18 10 0 34 0 6 8 0 0 0 56 26 0 0 48 40 8 0 26 84 60 34 18 36 0 0 0 0 16 0 34 40 102 48 56 0 14 0 0 0 35 0 0 4 0 20 0 28 35 18 0 0 2
0 27 16 28 0 4 35 0 0 12 0 0 20 27 0 27 0 0 0 0 0 0 41 0 0 0 40 28 20 28 24 0 0 0 5 0 8 0 22 24 0 56 16 14 0 7 0 0 36 16 0 28 59 0 32 32 0 20 0 0 0 37 0 12
54 24 0 30 0 0 0 0 36 0 0 45 0 0 0 0 24 0 0 0 0 0 0 0 36 0 0 24 81 117 0 0 0 24 0 0 0 27 54 0 0 0 0 0 0 0 0 0 0 0 0 0 18 8 27 14 0 0 24 81 0 0 0 0
0 46 0 0 54 0 0 12 0 0 0 0 30 0 0 0 0 24 0 0 0 63 0 0 0 36 27 0 0 75 0 6 30 0 0 0 0 0 0 48 0 12 45 27 54 24 0 0 0 0 0 27 21 0 0 0 6 0 40 15 3 0 0 6
9 0 18 19 0 27 0 18 0 12 0 0 0 0 6 0 14 12 0 0 0 21 0 10 0 7 66 2 40 0 0 30 8 12 0 0 18 0 12 21 4 0 0 0 0 0 28 12 0 0 0 0 0 0 39 18 0 28 54 16 6 0 4 0
0 0 27 46 0 6 0 15 0 48 0 0 0 0 28 15 8 30 0 0 0 0 30 25 12 0 9 5 0 30 48 4 0 8 0 27 4 0 2 0 2 0 8 0 0 0 15 0 18 8 0 42 18 0 39 30 15 10 0 40 0 0 10 6
0 0 0 28 0 4 10 0 0 0 0 45 10 0 23 0 3 0 0 0 0 0 20 4 0 0 0 40 0 16 24 2 0 0 53 0 0 15 0 12 0 5 0 18 0 63 0 0 0 0 0 28 0 0 8 0 8 0 0 0 0 0 0 0
16 0 0 27 30 0 10 0 14 6 0 27 0 0 0 0 0 0 9 0 0 35 0 0 0 0 27 0 0 27 0 12 0 4 14 0 0 0 0 0 0 0 25 15 30 0 0 0 0 0 0 0 0 12 0 21 0 0 16 0 0 0 0 0
18 36 20 7 18 0 61 0 0 62 0 0 5 36 70 36 0 0 0 0 52 29 0 22 0 0 9 0 0 16 21 0 0 32 4 0 24 31 24 6 0 1 17 25 18 0 10 36 0 56 0 0 36 21 0 0 4 0 0 0 0 32 10 20
30 0 14 0 5 0 0 0 20 0 0 0 0 0 0 0 0 0 0 0 18 0 0 7 9 0 8 3 101 52 0 0 0 12 0 0 0 10 30 0 6 32 0 0 14 0 0 0 3 0 0 0 0 0 50 0 0 0 0 53 63 0 0 0
