1409 1429 1304 1469 1420 1125 1223 1149 1314 1129 1453 1326 1407 1225 1225 1349 1351 1377 1138 1456 1123 1237 1262 1345 1347 1421 1107 1343 1362 1417 1376 1007 1450 1046 1365 1322 1294 1291 1374 1412 1347 1289 1101 1176 1277 1164 1154 1260 1235 1268 1493 1401 1276 1443 1245 1317 1464 1230 1370 1249 1323 1175 1084 1427
1239 1078 1236 1365 1070 818 1093 1115 1169 1152 1355 1290 1210 1137 1125 1169 1099 1228 1042 1265 1075 1237 1181 1108 1169 1282 923 1205 1208 1220 1211 939 1198 1052 1176 1202 1040 1241 1145 1189 1233 1078 1105 1120 1275 1139 1124 1072 1038 1085 1309 1212 988 1211 1170 1199 1224 1127 1077 1177 1044 1064 959 1283
1295 1225 1372 1493 1297 1131 1252 1397 1443 1205 1502 1368 1391 1349 1324 1377 1414 1440 1190 1322 1270 1210 1276 1209 1300 1374 1222 1220 1385 1305 1268 950 1458 1059 1272 1377 1259 1347 1269 1404 1217 1169 1131 1329 1476 1313 1317 1065 1229 1307 1404 1363 1249 1320 1345 1420 1386 1075 1345 1252 1196 1176 1182 1364
1153 1154 1284 1422 1222 933 1252 1233 1079 1206 1308 1330 1308 1195 1147 1322 1255 1055 996 1199 996 1187 1116 1259 1197 1385 1097 1214 1188 1343 1171 859 1206 895 1219 1134 1154 1261 1297 1322 1257 1034 1217 1158 1198 1157 1102 1062 1092 1085 1294 1263 1155 1202 1188 1202 1021 1036 1314 1178 1075 1081 1073 1341
1368 1234 1428 1568 1383 1104 1267 1387 1444 1340 1488 1473 1188 1377 1160 1445 1199 1470 1247 1441 1429 1402 1233 1334 1319 1352 1214 1439 1219 1425 1361 936 1425 1029 1351 1377 1402 1510 1382 1534 1373 1290 1378 1443 1437 1189 1336 1270 1103 1366 1471 1286 1259 1383 1259 1432 1377 1224 1307 1313 1283 1120 1152 1475
1218 1210 1275 1425 1326 1074 1182 1240 1383 1185 1377 1336 1371 1332 1139 1430 1241 1317 1238 1177 1188 1244 1261 1127 1349 1354 1203 1329 1356 1199 1323 997 1326 1062 1185 1320 1271 1244 1248 1410 1193 1365 1121 1187 1430 1237 1206 1103 1296 1197 1504 1288 1240 1207 1338 1440 1345 1123 1150 1162 1160 1279 1041 1253
1198 1301 1542 1465 1372 1153 1330 1418 1333 1191 1405 1265 1384 1388 1123 1409 1330 1518 1155 1260 1235 1261 1315 1452 1100 1427 1150 1356 1291 1292 1293 1025 1335 999 1345 1267 1387 1379 1324 1398 1311 1175 1193 1303 1360 1136 1297 1325 1143 1317 1430 1236 1167 1397 1177 1245 1324 1188 1217 1303 1132 1153 1060 1295
1372 1359 1341 1617 1461 1297 1243 1373 1400 1334 1379 1430 1393 1371 1234 1484 1454 1423 1115 1477 1293 1397 1333 1439 1343 1409 1173 1420 1464 1458 1494 1052 1415 1149 1398 1371 1315 1297 1385 1460 1469 1330 1332 1313 1472 1320 1274 1377 1331 1178 1538 1252 1281 1413 1304 1400 1374 1244 1236 1447 1272 1380 1139 1469
1266 1247 1362 1531 1478 1222 1366 1278 1349 1329 1137 1403 1520 1234 1198 1423 1170 1395 1234 1463 1291 1370 1261 1206 1270 1486 1189 1505 1257 1422 1467 964 1393 1139 1504 1271 1343 1319 1292 1548 1414 1178 1174 1243 1484 1229 1237 1209 1319 1243 1463 1253 1140 1388 1325 1363 1360 1178 1389 1356 1296 1357 1063 1430
1412 1433 1489 1632 1390 1171 1363 1475 1438 1393 1477 1545 1457 1350 1288 1489 1397 1569 1424 1473 1295 1376 1356 1378 1263 1464 1240 1440 1499 1433 1450 1014 1514 1257 1369 1360 1372 1439 1392 1497 1444 1366 1339 1335 1531 1337 1255 1323 1229 1430 1569 1393 1385 1513 1295 1446 1431 1268 1406 1292 1301 1180 1128 1548
1302 1158 1270 1382 1281 1094 1237 1271 1283 1230 1286 1305 1346 1234 1165 1259 1251 1334 1242 1369 1183 1208 1280 1232 1205 1381 1055 1323 1171 1405 1270 903 1368 977 1356 1249 1282 1353 1211 1260 1318 1034 1277 1192 1303 1154 1145 1154 1173 1307 1390 1242 1147 1253 1200 1309 1164 1174 1317 1314 1219 1104 1029 1282
1431 1479 1375 1655 1506 1279 1400 1429 1537 1371 1435 1467 1673 1349 1324 1606 1465 1548 1363 1528 1366 1353 1442 1329 1380 1557 1381 1492 1519 1430 1440 1174 1537 1249 1434 1559 1459 1504 1438 1540 1459 1395 1297 1377 1520 1479 1464 1267 1390 1322 1498 1427 1425 1470 1509 1448 1520 1314 1382 1400 1198 1318 1313 1509
1345 1173 1422 1409 1316 1103 1360 1299 1409 1316 1390 1296 1298 1245 1174 1232 1230 1303 1191 1211 1252 1273 1294 1444 1235 1359 1196 1425 1042 1271 1193 983 1392 958 1221 1232 1465 1321 1248 1367 1267 1274 1187 1145 1153 1249 1303 1329 1235 1322 1387 1199 1157 1285 1194 1243 1177 1184 1360 1229 1213 1121 1019 1366
1282 1215 1271 1505 1369 1077 1297 1357 1262 1177 1511 1468 1417 1261 1250 1405 1324 1436 1112 1276 1139 1197 1274 1335 1326 1551 1221 1332 1310 1349 1264 917 1551 994 1281 1062 1356 1343 1232 1358 1306 1243 1260 1242 1471 1216 1253 1221 1268 1333 1370 1375 1251 1357 1257 1394 1290 1052 1471 1258 1218 1158 1079 1387
1298 1056 1448 1472 1347 994 1352 1291 1278 1212 1387 1395 1362 1252 1138 1358 1274 1373 1131 1285 1125 1253 1197 1228 1116 1380 1108 1215 1428 1303 1395 974 1334 1049 1254 1181 1209 1287 1318 1424 1254 1146 1201 1168 1364 1206 1209 1197 1267 1179 1390 1401 1197 1192 1290 1381 1222 1185 1339 1222 1092 1135 1091 1392
1400 1547 1428 1555 1495 1308 1456 1445 1424 1437 1588 1507 1512 1460 1399 1484 1539 1479 1354 1484 1444 1480 1372 1438 1424 1345 1382 1345 1554 1396 1466 1157 1456 1281 1279 1470 1373 1441 1405 1459 1398 1492 1270 1362 1441 1378 1415 1307 1284 1291 1544 1411 1263 1630 1333 1435 1462 1266 1340 1363 1299 1257 1138 1491
1431 1218 1538 1507 1374 1028 1465 1327 1172 1403 1412 1445 1394 1353 1168 1418 1314 1454 1264 1516 1165 1424 1370 1428 1183 1455 1189 1419 1403 1470 1398 1088 1437 1130 1388 1399 1283 1467 1399 1374 1348 1284 1250 1287 1332 1289 1376 1247 1206 1298 1399 1369 1210 1397 1302 1326 1327 1213 1390 1327 1149 1070 1170 1468
1370 1399 1306 1573 1422 1064 1315 1277 1503 1314 1312 1348 1598 1220 1234 1367 1286 1316 1242 1209 1322 1408 1300 1288 1365 1540 1191 1395 1353 1270 1523 995 1420 1210 1311 1245 1393 1489 1361 1385 1508 1294 1329 1256 1387 1294 1059 1302 1287 1262 1464 1352 1244 1441 1188 1345 1378 1263 1449 1301 1299 1319 1043 1364
1291 1293 1368 1449 1282 1100 1342 1340 1242 1140 1410 1258 1383 1273 1191 1295 1369 1327 1178 1298 1184 1219 1195 1285 1127 1315 1180 1229 1313 1302 1269 955 1355 924 1198 1230 1276 1269 1281 1326 1227 1127 1052 1199 1263 1189 1243 1131 1068 1215 1463 1263 1210 1293 1248 1317 1244 1124 1303 1222 1210 1173 1007 1327
1392 1410 1490 1666 1343 1245 1401 1406 1377 1562 1438 1457 1445 1436 1242 1428 1393 1494 1317 1445 1324 1438 1292 1310 1367 1449 1268 1451 1466 1376 1497 1126 1385 1226 1352 1466 1407 1504 1332 1400 1468 1367 1360 1470 1475 1337 1326 1208 1228 1244 1504 1353 1202 1474 1323 1360 1409 1289 1441 1328 1358 1271 1085 1417
1574 1451 1682 1839 1539 1363 1498 1632 1597 1557 1577 1647 1602 1547 1412 1671 1516 1532 1379 1605 1355 1473 1551 1550 1377 1682 1316 1484 1560 1626 1464 1159 1654 1283 1561 1505 1543 1544 1515 1650 1584 1471 1547 1434 1636 1531 1517 1408 1469 1455 1561 1522 1384 1610 1476 1606 1534 1443 1481 1539 1427 1338 1297 1662
1086 1118 1131 1406 1166 953 1159 1281 1124 1133 1180 1171 1281 1183 998 1203 1309 1202 1016 1151 1145 1084 1124 1308 1085 1220 1013 1144 1224 1134 1227 1060 1136 967 1018 1127 1095 1247 1182 1035 1257 942 1143 1226 1236 1054 1047 1081 1094 1041 1142 1129 1094 1238 1105 1121 1151 962 1101 1042 997 973 942 1142
1185 1126 1371 1379 1262 1055 1285 1150 1257 1251 1264 1247 1209 1164 1183 1285 1194 1268 1011 1227 1139 1275 1181 1256 1190 1148 1007 1334 1324 1270 1248 884 1176 942 1231 1283 1168 1101 1303 1410 1093 1131 1104 1173 1200 1091 1208 1054 1132 1203 1113 1089 1095 1353 1155 1275 1228 989 1307 1158 1083 1067 972 1456
1312 1323 1291 1583 1301 1067 1277 1418 1157 1343 1240 1485 1345 1273 1216 1437 1263 1368 1227 1289 1172 1266 1354 1393 1208 1391 1106 1337 1297 1347 1347 1063 1331 1157 1293 1244 1343 1412 1324 1328 1345 1232 1332 1231 1396 1155 1151 1275 1311 1278 1380 1278 1175 1416 1289 1194 1210 1130 1378 1279 1232 1175 1002 1406
1328 1253 1263 1473 1343 1237 1299 1296 1271 1315 1374 1372 1338 1352 1239 1300 1443 1463 1174 1373 1227 1237 1335 1291 1297 1239 1225 1231 1408 1473 1383 1061 1407 1094 1225 1365 1312 1396 1366 1386 1310 1228 1234 1245 1437 1273 1274 1247 1307 1144 1357 1320 1166 1412 1332 1167 1250 1272 1426 1353 1265 1145 1138 1423
1392 1340 1425 1576 1367 1271 1382 1420 1532 1349 1506 1449 1544 1338 1340 1574 1380 1426 1354 1347 1344 1349 1418 1382 1385 1488 1287 1320 1465 1361 1409 964 1518 1249 1421 1324 1323 1353 1368 1542 1378 1263 1293 1335 1455 1249 1280 1314 1322 1325 1430 1320 1330 1348 1360 1400 1319 1238 1412 1447 1316 1273 1242 1415
1303 1253 1434 1591 1310 1252 1360 1290 1320 1299 1318 1438 1415 1277 1272 1405 1393 1321 1279 1320 1299 1279 1396 1253 1286 1471 1211 1301 1402 1316 1291 1026 1409 1093 1293 1271 1402 1312 1192 1403 1431 1324 1160 1333 1540 1312 1243 1223 1330 1346 1419 1392 1365 1432 1363 1317 1261 1167 1405 1283 1276 1363 1134 1443
1607 1402 1523 1715 1537 1297 1434 1442 1500 1491 1618 1691 1592 1419 1481 1569 1411 1595 1412 1530 1428 1537 1564 1570 1493 1688 1186 1580 1564 1529 1625 1090 1654 1354 1497 1369 1508 1527 1428 1627 1512 1463 1410 1381 1549 1425 1333 1469 1416 1448 1701 1460 1516 1578 1423 1554 1637 1330 1567 1442 1459 1436 1295 1771
1320 1247 1313 1369 1322 1199 1337 1132 1227 1092 1357 1210 1381 1194 1162 1287 1286 1275 1192 1256 1206 1299 1289 1304 1090 1364 1168 1283 1331 1260 1389 1006 1366 914 1287 1214 1317 1351 1129 1280 1343 1178 1072 1158 1238 1245 1125 1169 1140 1264 1491 1325 1241 1316 1207 1255 1212 1169 1449 1170 1144 1147 1116 1324
1493 1544 1478 1683 1483 1323 1479 1451 1592 1429 1507 1465 1494 1436 1269 1595 1467 1516 1301 1394 1429 1412 1444 1543 1349 1520 1350 1587 1494 1509 1448 1082 1426 1165 1442 1516 1523 1521 1449 1588 1359 1354 1217 1448 1534 1231 1355 1301 1357 1478 1618 1397 1376 1650 1347 1465 1449 1265 1481 1441 1356 1374 1234 1439
1068 924 1017 1335 1065 861 1023 881 1027 1046 1083 1103 1103 946 1011 1056 1084 972 974 1012 922 1013 966 968 1063 1150 865 952 1075 1039 1092 787 1100 790 1018 883 935 981 969 1043 1105 985 988 946 1081 1101 930 878 960 975 1072 1050 1029 973 1069 1169 1030 877 1106 1011 850 931 826 1218
1395 1349 1488 1694 1455 1280 1449 1468 1515 1387 1460 1558 1424 1501 1236 1539 1509 1606 1443 1485 1360 1344 1423 1478 1418 1529 1216 1460 1435 1448 1488 1102 1485 1291 1465 1434 1474 1365 1429 1438 1511 1365 1354 1439 1609 1329 1280 1497 1470 1413 1583 1435 1404 1446 1306 1556 1411 1309 1285 1368 1388 1169 1228 1394
1375 1219 1331 1503 1385 1162 1341 1221 1390 1486 1324 1430 1555 1282 1247 1423 1265 1295 1256 1282 1204 1421 1381 1213 1353 1454 1204 1304 1379 1265 1354 929 1376 1064 1298 1244 1295 1276 1232 1357 1303 1290 1333 1244 1324 1478 1210 1217 1283 1214 1474 1271 1204 1296 1357 1386 1223 1189 1282 1322 1185 1257 1005 1386
1272 1221 1445 1473 1355 1054 1240 1416 1355 1197 1455 1283 1269 1403 1240 1392 1276 1411 1306 1326 1271 1353 1338 1330 1220 1346 1215 1471 1372 1249 1391 1189 1305 1154 1247 1471 1413 1419 1275 1372 1351 1374 1252 1440 1303 1100 1266 1122 1290 1306 1431 1299 1196 1345 1264 1333 1314 1054 1170 1204 1210 1211 1044 1268
1467 1495 1619 1692 1583 1297 1527 1426 1425 1402 1604 1478 1576 1463 1360 1576 1465 1517 1301 1472 1329 1455 1410 1435 1391 1573 1397 1481 1434 1515 1494 1050 1517 1046 1532 1339 1589 1456 1482 1588 1533 1438 1383 1413 1541 1415 1386 1320 1414 1434 1567 1531 1390 1515 1510 1497 1390 1290 1563 1456 1421 1345 1092 1582
1444 1315 1589 1620 1555 1120 1406 1408 1509 1522 1596 1399 1447 1476 1325 1575 1271 1492 1243 1499 1376 1469 1482 1485 1410 1547 1282 1496 1366 1438 1475 1217 1488 1142 1322 1392 1469 1553 1437 1599 1495 1407 1313 1317 1464 1421 1475 1385 1313 1259 1469 1335 1303 1541 1386 1468 1478 1363 1316 1526 1294 1238 1132 1652
1165 1094 1297 1361 1224 1017 1156 1139 1215 1163 1145 1126 1222 1129 921 1137 1146 1242 1147 1160 1095 1141 1193 1161 858 1141 1037 1121 1228 1168 1195 929 1103 908 1124 1143 1142 1219 1211 1253 1304 1013 1103 1073 1177 1162 1081 1187 1025 1095 1223 1185 1039 1287 1062 1123 1094 1012 1129 1129 961 898 927 1119
1480 1326 1447 1626 1441 1114 1450 1304 1321 1469 1362 1478 1501 1290 1236 1367 1374 1420 1380 1396 1197 1359 1258 1348 1241 1564 1189 1383 1338 1455 1469 1060 1453 1132 1390 1359 1464 1405 1325 1359 1436 1301 1267 1368 1407 1246 1358 1347 1260 1286 1499 1499 1266 1424 1200 1370 1352 1140 1367 1293 1477 1185 918 1352
1351 1221 1359 1503 1305 1046 1375 1197 1228 1303 1386 1347 1359 1304 1200 1257 1320 1289 1068 1252 1252 1350 1073 1187 1279 1362 1136 1222 1265 1299 1350 893 1309 1044 1315 1267 1238 1342 1254 1293 1249 1148 1254 1283 1265 1161 1136 1158 1080 1162 1385 1322 1119 1222 1181 1237 1269 1212 1347 1353 1201 1147 1076 1363
1182 1170 1414 1522 1189 1071 1294 1287 1315 1172 1183 1291 1180 1271 1046 1248 1267 1372 1039 1173 1300 1171 1130 1164 1214 1327 1160 1124 1148 1243 1292 855 1387 1035 1309 1198 1292 1179 1160 1363 1265 996 1066 1228 1280 1200 1160 1236 1153 1150 1337 1145 1101 1222 1214 1207 1291 1128 1258 1224 1210 1070 969 1264
1457 1502 1495 1607 1542 1321 1416 1497 1400 1296 1621 1496 1425 1436 1396 1549 1475 1434 1384 1396 1355 1364 1306 1524 1343 1430 1326 1487 1364 1396 1508 1097 1461 1169 1392 1356 1528 1452 1304 1506 1430 1417 1275 1408 1401 1307 1364 1354 1332 1392 1558 1353 1374 1442 1418 1571 1551 1220 1431 1316 1345 1352 961 1534
1241 1221 1398 1560 1342 1122 1328 1292 1145 1091 1180 1349 1285 1275 1103 1295 1388 1330 1182 1329 1079 1178 1165 1362 1152 1273 1093 1211 1251 1384 1328 955 1339 1017 1438 1224 1333 1285 1213 1283 1304 1082 1207 1304 1257 1084 1182 1335 1101 1300 1335 1342 1127 1173 1167 1350 1295 1174 1261 1311 1293 1114 1015 1305
1520 1509 1656 1846 1625 1267 1599 1554 1667 1555 1599 1747 1604 1586 1452 1756 1432 1553 1537 1606 1493 1668 1426 1477 1542 1646 1399 1771 1623 1503 1730 1192 1575 1327 1535 1621 1552 1660 1532 1782 1579 1519 1543 1508 1648 1508 1393 1443 1405 1558 1682 1558 1509 1547 1486 1746 1596 1463 1650 1409 1506 1442 1326 1800
1420 1381 1465 1560 1464 1099 1412 1403 1444 1482 1586 1518 1533 1392 1297 1564 1387 1516 1267 1329 1273 1383 1427 1448 1338 1580 1362 1492 1386 1506 1428 1099 1441 1134 1448 1455 1505 1528 1492 1494 1384 1431 1309 1260 1437 1409 1423 1346 1324 1347 1561 1478 1305 1448 1363 1490 1465 1216 1487 1437 1257 1276 1168 1402
1308 1236 1444 1512 1386 1162 1260 1258 1479 1440 1401 1431 1502 1203 1180 1374 1271 1412 1392 1300 1281 1308 1294 1178 1387 1354 1187 1367 1366 1357 1383 926 1364 1253 1287 1414 1382 1348 1369 1461 1363 1403 1288 1227 1481 1364 1222 1269 1199 1369 1403 1261 1210 1395 1255 1400 1490 1292 1314 1244 1216 1189 1041 1504
1415 1326 1390 1539 1362 1085 1271 1257 1399 1331 1399 1370 1377 1230 1186 1378 1294 1393 1213 1375 1216 1295 1317 1369 1318 1515 1128 1383 1219 1416 1334 1022 1386 1075 1317 1312 1356 1373 1394 1423 1403 1267 1280 1181 1293 1344 1174 1255 1230 1263 1540 1303 1233 1405 1149 1336 1324 1234 1289 1168 1172 1143 1026 1439
1467 1390 1506 1748 1576 1241 1399 1441 1734 1479 1553 1636 1483 1490 1374 1576 1334 1540 1314 1498 1476 1528 1445 1431 1522 1523 1169 1599 1505 1458 1565 1000 1523 1266 1420 1435 1464 1511 1449 1636 1443 1378 1427 1416 1658 1462 1417 1475 1304 1401 1664 1314 1325 1574 1426 1715 1559 1431 1379 1479 1390 1361 1224 1656
1352 1197 1267 1473 1256 1040 1276 1237 1280 1291 1305 1284 1312 1210 1155 1273 1237 1217 1192 1192 1127 1285 1142 1382 1124 1267 959 1274 1332 1195 1354 931 1287 1084 1168 1141 1201 1273 1267 1257 1311 1112 1193 1175 1240 1235 1182 1296 1219 1243 1205 1134 1184 1302 1167 1387 1252 1202 1305 1232 1093 1036 1006 1432
1292 1210 1275 1347 1329 1065 1246 1234 1258 1155 1350 1413 1320 1217 1160 1399 1307 1207 1038 1301 1106 1309 1221 1325 1333 1352 1140 1323 1277 1190 1185 935 1367 1024 1124 1165 1222 1261 1244 1294 1188 1274 1157 1200 1305 1180 1094 1242 1280 1272 1287 1326 1233 1273 1198 1379 1304 1139 1207 1146 1100 1148 1042 1381
1396 1459 1378 1517 1383 1171 1420 1460 1264 1414 1366 1482 1494 1281 1151 1360 1423 1326 1193 1382 1256 1397 1359 1308 1328 1433 1332 1269 1375 1520 1430 1033 1414 1137 1471 1416 1435 1427 1345 1479 1386 1214 1300 1305 1468 1253 1243 1278 1284 1352 1458 1452 1311 1321 1324 1375 1314 1234 1442 1411 1321 1301 1021 1404
1421 1246 1534 1686 1477 1203 1452 1363 1394 1419 1481 1527 1530 1541 1292 1453 1492 1460 1320 1471 1404 1481 1380 1547 1431 1452 1251 1519 1389 1523 1527 1193 1460 1090 1453 1418 1353 1531 1329 1396 1592 1335 1419 1416 1343 1406 1368 1478 1200 1329 1661 1371 1328 1387 1323 1454 1468 1367 1339 1449 1354 1324 1197 1509
1599 1518 1569 1718 1516 1195 1513 1484 1631 1468 1723 1633 1615 1559 1347 1666 1438 1462 1433 1340 1495 1621 1436 1553 1445 1625 1492 1706 1416 1571 1549 1037 1542 1278 1551 1531 1589 1582 1517 1567 1489 1523 1412 1477 1495 1457 1407 1486 1377 1510 1765 1567 1379 1525 1469 1581 1507 1465 1586 1509 1412 1373 1253 1537
1183 1202 1137 1306 1180 1053 1112 1148 1225 1218 1228 1289 1217 1172 1079 1260 1141 1262 1199 1269 1176 1172 1225 1162 1179 1237 1055 1386 1165 1329 1240 826 1165 1074 1251 1193 1204 1083 1143 1239 1235 1196 1047 1122 1254 1143 1143 1084 1120 1061 1312 1093 1147 1344 1166 1271 1302 1054 1140 1230 1146 1096 925 1237
1403 1370 1572 1603 1581 1213 1344 1552 1515 1414 1476 1475 1571 1524 1268 1551 1379 1461 1233 1498 1455 1449 1339 1468 1340 1457 1301 1380 1455 1375 1463 1084 1496 1191 1440 1365 1377 1549 1374 1583 1435 1304 1368 1518 1483 1231 1332 1256 1332 1414 1563 1264 1317 1418 1421 1483 1394 1244 1309 1445 1278 1358 1192 1513
1435 1325 1390 1506 1333 1113 1291 1394 1392 1421 1426 1519 1437 1331 1299 1391 1344 1349 1245 1275 1259 1247 1362 1390 1265 1502 1146 1325 1355 1339 1261 1020 1377 1052 1184 1323 1370 1423 1378 1405 1276 1316 1242 1286 1304 1300 1348 1238 1174 1214 1498 1336 1306 1451 1261 1401 1319 1160 1339 1208 1277 1095 1074 1450
1328 1346 1371 1343 1350 1118 1356 1176 1201 1245 1382 1339 1282 1309 1249 1340 1346 1315 1092 1254 1105 1347 1131 1239 1252 1253 1135 1219 1347 1227 1323 944 1289 990 1242 1278 1235 1400 1329 1384 1233 1184 1204 1227 1335 1240 1103 1227 1152 1270 1375 1294 1221 1265 1229 1370 1262 1193 1356 1184 1157 1117 934 1390
1329 1314 1391 1605 1400 1167 1307 1332 1388 1282 1436 1336 1326 1280 1160 1487 1439 1372 1164 1551 1238 1335 1356 1450 1358 1393 1129 1401 1318 1436 1315 1169 1431 1050 1336 1381 1420 1372 1430 1360 1435 1352 1281 1346 1410 1214 1314 1179 1302 1324 1314 1369 1348 1530 1262 1442 1338 1208 1244 1367 1254 1108 1244 1482
1436 1151 1300 1478 1405 1220 1190 1140 1400 1364 1292 1397 1478 1263 1105 1223 1346 1381 1230 1261 1280 1304 1319 1251 1186 1320 1113 1319 1361 1466 1435 938 1330 1067 1386 1461 1198 1360 1241 1387 1333 1197 1183 1310 1506 1337 1189 1307 1236 1205 1474 1233 1233 1319 1242 1282 1269 1205 1346 1322 1174 1159 1127 1437
1227 1184 1286 1341 1242 1065 1190 1304 1062 1206 1421 1275 1259 1194 1050 1353 1232 1464 1107 1247 1180 1226 1134 1164 1075 1229 1093 1263 1250 1352 1259 918 1240 946 1192 1226 1127 1288 1354 1358 1187 1205 1176 1221 1321 1043 1084 1060 1109 1207 1252 1225 1051 1307 1152 1213 1147 1138 1241 1241 1053 976 1034 1381
1283 1414 1372 1591 1380 1279 1351 1337 1289 1281 1344 1390 1466 1368 1242 1511 1382 1454 1311 1462 1221 1289 1340 1508 1363 1507 1111 1432 1344 1410 1423 1151 1556 1253 1365 1279 1374 1359 1442 1368 1493 1342 1267 1273 1405 1318 1266 1332 1282 1314 1546 1402 1227 1526 1281 1310 1342 1382 1453 1175 1430 1174 1245 1432
1423 1403 1420 1550 1556 1194 1436 1363 1309 1279 1488 1393 1484 1357 1264 1487 1366 1521 1277 1538 1274 1459 1379 1417 1343 1487 1133 1430 1420 1446 1506 1008 1485 1099 1428 1294 1428 1519 1468 1498 1494 1273 1422 1388 1464 1278 1223 1308 1279 1521 1480 1369 1325 1448 1384 1430 1363 1392 1494 1378 1297 1261 1069 1570
1424 1447 1516 1705 1512 1270 1415 1418 1515 1376 1495 1387 1492 1405 1369 1528 1518 1447 1266 1474 1401 1430 1402 1516 1376 1466 1189 1422 1524 1420 1563 1100 1469 1235 1370 1272 1316 1338 1488 1474 1510 1307 1219 1320 1438 1349 1298 1355 1305 1303 1616 1331 1362 1572 1448 1488 1515 1273 1330 1467 1315 1429 1078 1503
1371 1331 1516 1664 1331 1117 1463 1480 1411 1396 1264 1433 1430 1403 1248 1441 1373 1343 1241 1350 1153 1336 1229 1354 1123 1437 1180 1373 1440 1275 1332 1100 1338 1128 1296 1427 1365 1359 1307 1438 1321 1241 1234 1301 1428 1430 1477 1177 1240 1199 1379 1317 1258 1411 1242 1402 1359 1207 1340 1247 1201 1210 1138 1414
1384 1139 1302 1513 1436 1378 1222 1153 1379 1368 1280 1429 1433 1367 1143 1422 1275 1408 1305 1406 1410 1267 1350 1192 1376 1343 1095 1341 1339 1429 1419 970 1372 989 1336 1286 1273 1392 1232 1384 1451 1292 1329 1276 1479 1293 1100 1318 1182 1249 1552 1283 1312 1364 1197 1338 1283 1286 1387 1337 1397 1364 1158 1394
