0 0 0 75 21 0 166 19 43 0 4 27 56 72 24 18 0 21 0 0 48 0 0 0 27 0 0 0 0 16 0 0 0 0 62 8 32 36 14 63 45 24 54 0 0 0 6 0 24 32 0 56 35 0 0 0 10 56 0 24 0 16 42 0
0 0 0 0 32 0 54 0 0 0 0 0 0 0 0 0 0 0 28 20 56 64 0 40 0 0 0 10 0 0 0 0 0 0 24 6 0 0 8 0 0 0 0 0 56 0 0 0 40 0 0 16 18 0 0 0 24 0 0 24 0 0 0 0
40 0 69 32 67 0 130 7 56 0 26 0 8 18 0 87 2 52 38 2 54 0 0 0 0 14 21 16 4 0 0 36 0 26 60 19 0 0 0 0 0 66 0 12 0 2 12 27 25 24 28 0 68 0 8 0 8 0 0 106 0 32 98 0
37 16 15 0 0 0 0 0 0 9 28 48 21 0 0 34 0 0 0 0 6 32 0 0 0 0 72 0 0 0 0 0 0 0 32 0 0 18 0 0 8 0 24 0 0 32 16 12 0 0 0 42 2 8 0 0 0 0 0 0 9 0 0 0
2 12 0 18 0 50 0 0 0 8 0 0 36 0 0 0 0 0 0 0 0 0 10 0 0 12 0 0 6 0 0 0 0 0 40 0 0 0 0 0 4 0 0 28 0 26 7 30 0 0 0 12 0 6 0 36 0 0 18 0 10 0 0 15
20 0 0 0 0 0 0 45 10 35 0 0 0 20 0 0 0 0 0 0 0 15 0 15 0 0 0 0 0 0 0 0 0 0 0 20 0 0 0 0 15 0 0 0 15 0 0 0 0 0 0 0 0 35 0 0 10 0 35 0 0 0 35 0
0 10 45 0 33 2 0 8 0 0 41 72 30 0 12 0 0 0 0 0 4 0 8 0 0 0 0 0 0 64 0 0 0 0 0 8 0 0 0 0 0 0 0 0 0 0 20 45 0 61 0 0 0 0 0 30 0 28 15 0 0 63 0 0
0 42 100 40 56 0 162 8 48 0 0 63 0 40 72 48 2 0 0 22 6 0 0 21 15 24 18 64 0 42 28 0 0 0 4 65 0 0 0 43 25 45 30 4 0 0 0 0 28 103 0 0 96 0 40 7 42 0 32 124 48 146 135 0
49 57 35 0 7 0 13 1 0 21 4 18 49 0 0 40 12 0 24 54 0 21 0 33 0 0 0 21 0 0 12 3 0 0 0 0 0 0 0 48 0 54 0 40 0 0 0 28 32 21 0 0 32 0 8 42 18 0 16 8 21 0 68 0
10 10 32 70 0 0 71 0 35 0 5 54 40 0 36 0 0 15 0 0 0 0 0 0 0 21 45 56 0 20 0 30 0 54 0 32 0 45 10 0 5 30 15 0 0 0 0 0 0 18 0 103 72 0 35 0 0 0 16 21 24 67 0 0
0 0 8 69 0 64 97 0 54 0 64 116 0 48 9 56 9 16 0 0 0 0 0 0 18 12 0 32 0 0 16 56 0 0 64 8 0 0 8 98 79 0 36 0 0 74 1 12 0 9 6 63 166 0 20 0 14 0 49 36 8 28 0 3
0 0 0 0 0 8 0 0 0 0 40 0 0 0 16 0 0 0 0 0 32 0 0 0 0 0 0 12 0 0 40 0 0 0 0 0 0 0 0 0 0 0 48 0 0 0 0 0 0 64 0 0 108 0 0 0 0 0 0 0 0 0 0 0
18 0 42 16 0 36 60 0 0 0 0 0 6 4 12 15 0 34 14 0 0 10 16 0 0 12 0 8 18 0 0 0 0 9 0 0 0 0 0 0 12 0 0 25 0 0 0 14 0 18 21 0 0 0 0 0 61 45 0 48 0 24 0 0
0 42 66 6 0 100 78 27 30 0 45 18 16 60 0 35 12 0 0 48 47 49 0 0 18 8 0 0 0 0 25 0 0 48 104 12 0 81 0 90 30 94 66 36 9 56 28 0 0 40 0 81 54 31 32 42 18 0 21 48 16 0 21 24
20 0 18 0 48 4 42 13 35 35 47 49 105 0 0 85 0 80 0 0 14 0 16 15 0 24 0 0 0 83 14 49 0 0 0 79 0 54 63 85 15 0 0 7 0 63 0 0 0 0 0 56 0 0 0 0 0 28 0 141 63 0 54 0
0 10 72 45 48 0 135 0 0 0 105 0 0 18 54 49 0 55 63 0 64 101 72 0 0 54 0 36 0 0 0 0 0 0 92 9 4 0 0 0 0 0 0 38 0 56 60 108 0 0 0 0 0 14 16 0 0 0 20 0 0 0 5 4
0 0 81 8 54 40 18 0 0 0 108 54 0 0 0 15 0 93 18 0 24 0 0 27 9 0 0 0 0 63 42 57 0 27 40 0 0 0 6 42 0 0 36 0 0 64 45 81 31 48 81 42 78 0 0 0 0 0 63 99 91 0 31 15
0 25 54 36 0 0 30 54 102 0 24 0 0 24 0 0 0 25 0 0 25 18 0 0 0 0 0 16 0 0 0 0 0 0 0 24 10 0 0 0 0 0 0 0 18 0 18 12 72 0 6 0 48 60 15 30 12 0 78 0 0 0 87 10
2 26 40 53 0 10 157 55 22 8 5 42 43 24 45 7 4 0 0 16 42 67 10 56 0 12 0 49 0 20 0 7 0 0 28 71 0 45 0 16 0 48 0 9 18 16 2 0 0 5 0 0 20 48 0 50 12 4 80 0 30 40 42 0
0 0 63 49 74 0 0 71 0 0 49 28 0 0 0 0 0 0 28 20 20 20 0 0 49 0 21 4 0 56 0 0 43 0 42 0 0 21 8 0 0 0 30 0 0 15 28 63 0 0 0 58 67 0 20 45 52 0 0 64 0 5 0 0
76 35 0 0 40 3 72 0 0 49 9 0 16 0 6 40 0 64 35 39 73 0 0 42 0 0 0 5 0 0 28 0 0 24 32 8 0 0 10 0 21 0 0 24 0 0 0 0 28 97 56 20 0 0 0 0 72 0 0 30 0 64 63 0
0 8 40 7 0 48 76 2 5 0 1 36 14 0 45 62 0 0 0 0 0 0 0 0 0 0 6 14 24 4 0 0 0 8 17 40 0 9 0 0 58 6 0 37 7 0 5 43 0 5 8 15 62 0 0 0 14 8 20 0 30 40 0 0
0 0 32 0 0 0 44 40 0 0 0 76 0 0 36 0 0 61 0 0 0 0 0 12 39 0 15 0 27 162 0 0 0 0 0 67 0 0 0 20 18 0 0 0 0 0 0 9 0 39 36 38 16 0 0 0 10 0 44 96 95 81 0 0
0 30 18 56 0 0 56 0 34 0 8 0 0 12 0 0 0 0 0 0 18 0 0 0 0 0 12 0 6 32 12 0 0 16 10 0 32 126 0 0 0 48 0 0 14 0 10 0 0 0 16 54 20 6 0 10 0 0 14 0 0 16 10 0
0 63 0 109 0 0 89 0 18 0 9 6 0 151 0 0 9 144 36 9 0 0 0 24 14 63 0 72 45 92 54 0 0 63 24 45 0 81 0 14 10 54 12 46 0 9 0 14 0 0 72 22 91 0 52 0 8 81 151 72 72 0 53 0
2 7 0 0 0 56 28 18 4 0 0 48 0 8 0 56 0 0 0 2 0 6 0 3 0 0 9 0 0 0 4 0 0 0 14 8 0 0 0 0 50 0 3 0 6 0 0 0 4 7 0 3 0 14 0 0 10 0 14 0 0 0 23 0
6 6 0 45 0 0 54 0 0 0 35 18 0 39 54 35 14 45 63 0 0 85 72 0 0 54 27 36 0 0 0 0 0 0 40 0 0 49 0 0 3 0 9 18 42 40 20 36 0 0 0 9 0 10 0 0 0 0 0 0 0 21 0 35
0 0 9 0 6 24 0 0 0 0 7 0 0 0 0 0 0 0 0 0 0 0 0 0 0 0 0 0 15 0 0 0 0 0 24 0 0 0 0 0 10 0 0 0 0 6 7 14 0 0 0 0 0 0 0 0 0 0 0 0 6 0 0 9
4 0 0 18 0 18 0 33 0 0 0 4 72 0 0 74 0 1 0 0 0 36 0 0 0 16 2 0 0 0 0 9 45 0 10 0 0 35 8 0 0 6 30 8 0 31 0 0 0 0 10 0 30 0 20 49 0 44 0 22 0 5 0 18
0 0 0 5 0 0 87 0 0 0 0 0 0 2 6 0 0 5 7 0 57 5 8 0 0 6 0 4 0 0 0 0 0 0 36 9 0 9 0 0 1 0 4 39 4 0 0 4 0 0 0 9 1 0 16 0 0 0 32 0 0 0 8 0
1 63 42 40 0 41 78 0 0 4 2 0 0 64 30 0 0 25 35 0 4 33 45 0 0 36 0 34 51 0 59 0 16 0 0 0 0 0 0 0 16 0 18 22 0 8 1 28 0 8 0 0 114 3 8 18 12 0 63 48 0 2 45 0
0 0 0 0 0 0 0 0 0 0 3 0 0 0 0 15 0 0 18 0 0 0 0 0 0 0 0 0 0 0 0 0 0 0 0 0 0 0 0 0 0 0 0 0 0 0 0 0 15 0 0 0 24 0 0 0 0 0 0 0 0 0 21 0
0 0 6 64 0 0 70 0 16 0 8 42 0 36 0 0 4 32 16 4 2 49 0 56 0 36 0 83 8 32 0 7 0 28 0 20 0 90 14 0 0 48 0 0 0 4 0 0 0 0 0 0 6 0 16 0 0 0 0 0 0 0 0 0
0 0 0 0 0 0 0 0 0 0 0 0 0 0 0 0 4 0 0 0 0 0 0 0 0 0 0 0 0 0 0 0 0 0 0 0 0 0 0 0 0 0 0 0 0 0 0 0 0 0 0 28 36 0 0 0 0 0 4 0 0 0 0 0
28 0 36 0 42 36 12 0 0 0 73 18 0 0 0 69 0 12 54 0 24 0 48 0 0 0 0 0 0 15 0 63 0 0 6 55 0 0 0 4 21 42 0 0 0 0 16 36 45 0 0 0 72 0 0 0 21 0 0 22 7 0 63 0
0 0 60 0 8 0 108 40 0 0 0 0 0 0 54 0 0 0 7 5 9 0 0 0 0 16 0 13 15 0 0 0 8 0 0 48 0 92 30 0 10 0 0 8 0 40 0 5 27 6 0 4 108 0 4 0 6 0 32 38 36 48 2 0
22 10 43 34 0 6 89 0 24 0 68 30 0 0 0 88 0 3 30 0 54 72 0 0 0 15 45 40 0 0 0 27 0 0 108 9 0 0 0 0 5 18 15 30 0 72 40 0 41 10 0 15 80 30 39 20 2 0 28 29 0 25 52 0
0 0 48 52 0 18 73 0 20 0 20 30 4 0 0 15 0 4 18 0 7 0 0 0 0 30 0 0 0 28 4 34 0 48 0 0 72 126 51 14 0 52 0 6 0 18 0 0 15 0 0 32 24 0 8 0 34 0 0 30 0 36 21 0
0 0 0 0 0 0 36 0 0 0 0 0 0 0 0 0 0 0 0 0 27 0 0 0 0 0 0 0 0 0 0 0 0 0 16 4 0 9 0 0 0 0 0 0 0 0 0 0 0 0 0 9 1 0 0 0 0 0 0 0 0 0 0 0
32 0 0 0 38 13 30 7 0 56 39 0 49 0 18 49 0 0 28 20 28 0 16 24 0 0 0 4 0 2 0 0 0 0 0 16 0 0 8 0 24 0 0 7 0 0 0 0 15 0 0 16 0 0 0 0 24 28 0 24 0 0 0 0
42 20 0 0 0 0 18 0 0 0 0 72 14 0 0 35 0 56 0 8 12 0 0 12 0 0 0 0 0 63 16 0 0 21 8 2 0 0 0 0 0 0 0 21 0 0 0 0 16 115 49 0 0 0 0 0 24 0 0 0 0 119 36 0
0 0 81 36 102 4 0 72 0 0 82 36 0 0 8 7 0 0 42 30 30 8 0 0 63 0 27 6 0 72 0 0 0 0 8 0 0 0 12 0 0 0 0 28 0 8 58 81 72 0 0 78 0 2 14 0 54 0 28 72 0 0 52 0
0 0 0 63 0 71 0 0 0 0 0 14 56 0 0 63 0 0 0 0 0 104 0 30 0 56 7 0 0 0 0 0 0 0 43 0 0 0 28 0 2 0 8 10 50 23 1 0 30 0 35 0 0 0 0 14 0 69 0 0 2 0 0 66
0 0 12 14 0 0 14 0 4 0 2 0 0 0 0 0 0 0 0 0 4 0 0 0 0 16 0 0 0 8 0 0 0 0 0 0 0 54 28 0 0 12 0 0 0 0 0 0 0 0 0 0 0 0 0 0 0 0 0 0 0 0 0 0
20 126 0 62 0 0 42 0 12 35 9 0 0 54 0 15 18 0 18 72 0 0 0 15 0 12 0 32 27 24 54 0 0 0 0 0 0 54 0 72 15 117 0 36 0 0 0 0 15 8 0 0 119 0 20 63 0 0 63 12 0 20 66 0
0 0 0 36 0 0 0 0 0 0 0 0 0 0 0 0 0 0 0 0 0 0 0 0 0 0 0 0 0 0 0 0 0 0 0 0 40 0 0 0 0 0 0 12 0 0 18 0 72 0 0 0 0 0 6 0 0 0 12 0 0 20 48 0
0 0 72 0 66 14 81 0 0 0 103 16 0 0 4 25 0 0 30 0 78 0 48 0 0 0 0 0 18 20 0 0 0 0 36 57 0 0 0 0 12 0 0 0 0 0 32 78 25 10 0 0 40 0 0 0 0 0 0 0 0 14 35 0
0 0 36 7 24 0 0 10 0 0 109 35 0 0 15 56 0 10 0 0 0 64 0 0 0 0 0 0 0 0 10 35 0 0 70 0 0 0 5 35 0 0 0 14 0 109 48 50 0 20 0 6 7 16 0 0 2 35 0 15 0 0 0 0
0 0 0 0 27 18 9 0 0 0 54 32 0 0 0 0 0 0 0 0 42 0 72 0 0 0 0 0 0 37 0 0 0 0 4 73 0 0 0 0 0 0 0 24 0 0 0 0 0 20 0 0 0 0 12 0 0 0 24 0 0 28 6 0
0 42 72 0 63 0 105 9 48 0 0 18 0 84 0 54 0 0 0 0 0 0 0 0 18 0 0 0 18 0 36 0 0 0 0 0 0 0 0 42 33 0 48 15 12 0 0 0 6 0 0 0 42 24 0 40 35 0 42 72 0 0 111 0
0 0 7 13 0 6 8 0 0 0 0 0 0 0 0 0 0 30 0 0 0 8 0 5 0 0 0 0 9 54 0 0 0 0 0 42 0 0 0 24 6 0 0 2 7 0 6 3 29 0 0 0 0 0 0 0 2 0 0 56 42 0 15 0
47 0 0 41 0 63 56 9 2 68 0 78 0 4 0 48 0 3 0 0 0 52 15 80 0 18 0 49 0 0 0 34 0 0 24 4 24 0 0 0 66 18 0 0 3 24 3 0 9 0 0 0 14 16 0 0 34 18 7 6 0 12 7 0
39 40 0 81 0 45 0 5 0 36 0 24 10 24 0 25 16 40 0 16 18 0 45 24 0 54 0 2 0 0 32 30 1 69 0 0 0 117 0 0 0 0 0 15 48 77 9 0 32 86 35 102 18 27 0 0 48 0 0 4 0 64 72 40
42 56 30 0 0 0 0 0 21 18 56 0 42 0 0 68 7 0 0 0 24 64 0 0 0 0 42 0 0 0 0 0 0 56 99 0 0 72 0 0 0 0 0 0 49 64 67 24 0 0 56 121 71 16 0 0 0 0 7 0 18 0 0 0
12 57 0 42 0 0 17 8 12 0 8 0 60 46 12 66 0 26 14 0 8 10 16 0 0 12 6 8 21 0 52 0 0 14 5 0 0 0 0 0 0 0 12 18 7 0 21 10 64 28 23 0 67 0 0 0 0 32 55 0 0 16 75 0
0 0 0 30 0 0 60 4 0 0 0 110 0 0 6 0 0 0 0 0 24 63 0 72 0 18 0 111 0 49 0 9 0 0 16 4 0 0 0 0 0 0 0 0 0 0 0 0 3 55 0 0 48 0 30 0 0 14 0 18 0 79 0 0
24 10 48 24 18 0 63 0 21 0 21 27 22 144 0 20 8 187 32 8 10 0 0 27 36 63 0 64 16 63 0 0 0 110 0 40 4 0 0 63 45 35 54 32 0 8 16 27 16 24 109 18 0 0 76 0 0 0 83 81 81 32 15 4
42 0 30 6 56 0 98 20 0 18 0 32 42 27 18 60 3 24 12 3 0 0 0 0 0 21 0 24 6 0 0 40 0 93 0 15 0 0 0 0 0 0 0 0 0 3 0 24 21 24 0 64 0 0 12 0 0 42 0 64 18 0 72 0
0 0 0 0 0 0 0 19 2 0 0 16 0 4 0 0 7 0 0 0 0 3 0 0 0 0 0 0 21 14 0 0 2 0 0 4 0 14 0 0 15 0 4 29 7 10 0 7 0 10 0 49 75 7 12 0 2 0 38 8 0 14 13 0
0 0 63 20 82 16 16 0 0 0 49 0 0 0 0 0 0 72 35 25 25 0 0 24 8 0 0 5 0 56 0 0 0 0 16 0 0 0 10 0 0 0 0 0 0 4 40 63 40 0 72 36 0 0 0 0 30 0 56 102 76 0 25 6
0 10 46 59 0 24 68 0 0 0 0 0 0 12 36 0 0 45 42 4 27 30 48 6 0 75 0 64 21 27 8 0 0 0 0 21 0 117 42 12 14 0 0 20 0 0 0 31 8 24 0 63 47 0 25 0 20 0 0 71 21 25 18 0
0 0 0 24 8 0 16 0 0 0 0 12 0 4 12 0 0 10 21 5 5 24 16 16 0 12 0 23 0 0 0 2 0 0 12 0 0 0 2 0 0 0 0 16 0 0 0 8 0 0 0 4 14 0 6 0 10 0 12 6 0 0 3 0
0 0 21 33 24 18 24 24 0 0 0 8 56 9 0 56 6 0 21 15 15 0 0 0 14 18 6 51 0 16 0 0 0 0 0 0 0 21 6 0 0 0 0 14 18 0 0 0 0 12 0 24 48 0 30 0 28 32 0 68 0 39 0 15
2 25 64 18 0 34 72 0 0 8 0 0 0 0 72 0 0 25 0 0 25 20 10 0 0 12 0 0 0 0 0 0 40 0 24 64 10 0 0 0 0 0 30 0 0 22 5 0 0 8 0 0 32 6 35 45 0 0 32 0 54 69 0 19
