10 17 15 20 16 11 17 16 16 18 19 16 12 16 17 17 13 14 21 14 16 23 16 20 12 15 24 16 17 16 21 12 16 11 14 17 11 12 16 23 15 19 16 13 18 12 21 16 18 14 15 16 14 12 14 17 15 19 16 15 21 21 18 15
11 17 16 17 11 12 19 13 9 19 15 16 15 14 16 21 15 13 17 12 13 12 19 17 12 17 21 17 16 15 17 8 13 14 12 15 13 12 14 17 11 14 15 11 17 11 19 19 12 13 20 13 18 12 16 14 13 17 11 16 17 18 15 19
16 13 17 15 15 14 19 12 11 17 13 11 14 14 14 18 13 12 15 14 14 10 12 23 10 13 22 11 18 14 18 13 14 14 15 14 16 11 16 12 11 19 17 13 17 10 19 19 17 9 17 15 17 20 11 15 15 17 10 18 14 18 16 13
9 13 13 15 12 9 15 8 11 8 14 12 12 12 14 14 11 10 14 10 12 11 14 18 10 10 19 10 15 10 13 8 11 11 11 13 10 9 11 16 10 13 11 10 15 8 16 14 14 13 13 15 15 13 11 9 11 12 12 14 11 14 15 13
15 20 17 22 16 16 22 14 19 18 18 16 15 15 20 25 13 17 19 23 15 18 17 25 14 17 28 17 23 21 23 13 17 19 15 22 18 18 20 20 17 21 21 12 22 15 20 23 17 12 19 21 17 16 16 15 17 24 15 19 20 23 22 18
11 17 18 18 13 16 21 13 17 17 17 12 15 20 17 15 14 15 17 17 17 19 17 26 12 18 23 14 20 15 16 13 17 15 14 22 16 17 18 18 17 18 17 13 21 13 22 21 15 13 19 18 16 15 16 12 13 22 14 21 21 18 20 15
13 13 13 13 11 10 16 8 16 15 14 13 14 14 14 18 10 15 14 17 12 18 12 18 14 15 23 15 14 16 20 12 10 11 15 17 13 13 15 18 13 14 16 12 16 9 14 18 17 14 12 15 15 14 12 12 13 17 9 13 14 15 12 13
15 14 13 19 13 16 15 10 14 20 16 13 14 18 11 17 12 9 15 16 14 18 16 18 14 12 22 12 13 16 19 14 12 11 13 14 19 14 13 17 13 17 14 12 19 12 13 19 13 11 15 13 13 13 14 13 11 18 13 16 17 12 13 15
18 14 19 19 18 17 15 11 19 20 20 14 16 18 13 19 12 13 18 16 21 17 19 25 17 14 21 14 17 18 21 15 14 16 15 17 15 19 16 19 13 16 17 14 19 12 17 21 15 15 16 19 18 13 13 12 15 19 15 18 19 17 16 11
14 14 17 14 12 13 17 12 11 15 18 12 9 14 13 16 11 11 12 15 9 12 14 16 13 14 17 10 14 15 14 9 12 11 11 14 10 10 12 11 11 17 12 10 14 11 13 20 14 10 15 18 14 13 13 12 8 17 13 16 13 15 11 12
16 14 13 17 12 17 15 8 18 19 16 14 17 19 16 20 12 17 16 21 17 17 15 19 16 15 23 16 17 18 20 17 11 16 13 16 13 16 15 17 14 18 17 14 16 11 17 18 16 14 18 14 14 15 12 14 12 21 13 19 18 14 16 15
8 10 11 13 9 5 17 11 8 11 12 11 10 11 13 13 9 11 9 12 8 11 12 15 7 12 15 9 14 9 10 8 9 11 11 12 10 5 11 10 11 8 12 6 12 5 12 15 12 7 10 11 11 11 9 8 8 15 9 11 12 15 15 13
14 16 14 20 18 13 22 11 18 19 19 17 17 18 18 20 14 13 19 16 18 18 20 24 15 20 23 12 15 14 17 12 16 15 15 17 16 18 13 20 14 18 16 17 18 13 20 21 18 16 16 16 21 20 19 16 15 20 17 18 21 21 18 17
13 12 14 13 10 15 16 9 12 15 11 12 14 16 12 16 14 11 16 10 13 12 13 16 14 12 19 13 12 18 17 12 8 12 7 14 10 12 13 14 11 16 14 14 15 8 17 17 13 9 12 12 15 10 12 11 10 15 7 16 16 12 12 11
15 16 11 15 12 11 17 4 13 15 13 12 14 11 14 17 9 12 12 16 14 11 10 21 12 11 22 11 15 16 14 12 13 11 13 12 13 10 13 17 15 14 15 12 15 6 13 17 17 8 14 14 12 15 15 8 11 15 10 13 13 17 15 12
12 18 18 19 15 14 17 8 12 17 16 14 12 18 17 16 13 9 18 16 17 16 16 20 13 13 27 16 15 17 20 11 15 18 13 20 20 14 15 21 11 19 19 9 22 13 19 19 14 14 14 18 12 16 10 16 14 17 10 14 13 17 14 17
13 15 18 24 14 14 21 11 16 22 16 15 20 22 18 20 14 14 22 19 19 19 18 25 15 16 27 18 17 17 24 13 16 15 16 19 16 15 18 23 14 16 17 13 21 13 23 22 20 16 18 19 19 15 18 15 15 21 14 21 19 19 15 16
10 8 9 15 8 11 14 7 11 16 10 8 13 11 15 13 9 9 13 11 10 12 13 15 7 9 17 10 8 11 11 12 10 9 9 11 14 12 8 15 11 13 12 7 15 4 17 13 10 8 14 12 10 11 8 12 12 12 11 13 13 14 12 10
15 16 20 18 19 13 19 13 14 20 18 17 15 19 19 17 13 16 18 14 19 18 18 24 12 20 24 18 16 16 19 13 21 17 17 17 15 14 19 23 16 16 20 12 17 12 20 18 17 16 14 16 17 19 13 16 17 21 15 15 23 21 19 16
16 10 13 14 12 15 17 9 15 16 13 12 14 11 15 13 12 13 15 13 13 12 12 19 8 11 20 11 12 13 12 13 10 11 10 14 15 14 12 14 10 13 12 11 16 7 15 17 12 11 12 15 9 15 11 10 12 16 12 14 16 12 14 10
12 16 16 21 13 11 20 7 15 12 17 17 19 16 21 21 13 15 16 20 13 14 17 20 17 16 24 15 14 18 20 10 13 18 13 18 13 13 18 19 12 21 19 14 21 9 21 24 18 13 19 20 18 18 13 14 13 19 14 19 14 18 16 16
11 10 15 17 11 10 16 9 13 15 13 10 13 15 15 19 12 11 16 15 12 13 15 17 13 11 19 12 13 15 20 11 10 15 8 17 13 13 14 14 10 16 17 7 18 10 16 14 12 11 14 15 15 14 11 14 14 17 10 16 15 15 13 12
18 16 19 21 18 20 22 13 22 22 21 13 18 21 17 20 15 18 22 20 15 19 16 26 14 18 27 19 20 19 22 15 20 16 16 23 19 19 20 21 13 21 20 13 23 16 21 26 17 18 21 21 20 19 19 16 17 24 16 23 21 20 18 17
13 11 14 16 8 14 20 11 11 16 13 13 16 14 15 14 12 13 13 13 11 12 18 20 11 14 14 13 14 12 14 11 12 14 12 16 14 13 14 16 9 13 16 11 14 8 18 17 11 12 15 10 14 16 9 12 14 15 9 12 20 11 16 13
12 14 17 16 15 13 21 12 16 15 18 16 12 18 15 16 12 16 15 14 13 21 16 18 15 13 24 15 19 18 18 14 14 10 13 20 14 13 16 20 14 15 17 13 19 10 18 21 13 13 11 15 18 13 12 15 14 19 13 13 19 17 15 14
12 13 19 15 13 13 18 12 10 15 15 14 13 16 14 15 13 11 14 11 11 11 14 15 11 15 19 15 13 16 14 7 15 14 9 16 16 8 12 11 8 15 12 10 18 10 18 21 14 13 16 16 15 14 12 12 11 19 12 16 14 14 12 11
14 15 14 21 18 14 20 14 13 19 19 20 14 17 16 21 13 12 20 16 19 17 19 22 14 18 24 14 17 16 18 14 11 16 10 18 15 17 15 20 13 21 14 14 21 12 20 22 12 17 16 17 18 16 13 17 15 25 16 17 21 19 17 19
16 16 17 19 15 17 19 17 16 19 18 13 17 20 18 19 16 14 21 11 16 19 18 20 10 19 21 17 17 17 18 15 19 13 14 22 17 16 17 20 17 19 18 14 18 12 20 18 15 15 17 16 19 16 12 16 15 20 16 18 24 17 19 16
23 19 22 26 22 23 23 14 21 28 21 19 19 24 22 24 18 20 21 23 20 22 17 27 15 19 33 22 20 24 24 17 23 17 22 25 23 17 16 24 18 23 22 13 26 17 23 25 23 20 21 23 23 23 20 18 16 27 19 23 23 23 17 19
13 16 19 21 14 12 19 9 15 17 15 17 13 13 15 21 10 13 17 18 18 17 19 23 15 13 25 18 18 19 23 13 16 14 15 18 18 16 17 21 15 14 20 9 21 15 16 21 15 14 14 16 16 13 17 15 18 20 10 14 22 18 19 16
17 14 12 15 11 18 18 10 13 20 16 14 15 12 17 19 12 11 13 16 14 16 13 18 13 9 20 11 15 17 15 15 10 11 14 13 14 11 12 18 15 19 16 9 19 6 19 19 14 10 18 16 12 13 15 7 12 14 12 13 13 16 15 10
14 16 19 16 12 17 17 10 15 18 17 14 11 17 17 17 12 15 14 17 13 15 18 21 9 12 22 16 19 14 16 13 18 16 14 19 17 14 18 20 16 16 19 11 17 11 19 18 10 15 16 15 14 16 13 14 14 20 11 14 19 17 19 15
18 20 22 22 18 19 28 15 16 23 20 17 21 24 24 19 17 21 23 21 17 22 20 28 14 20 29 18 19 22 21 15 20 19 14 23 21 19 22 23 17 22 22 14 27 15 27 22 19 16 20 24 19 21 19 19 19 26 17 25 24 22 20 16
10 11 17 15 13 15 14 11 13 16 16 14 13 11 15 17 14 10 15 12 14 14 13 17 9 12 18 16 13 16 16 13 13 10 10 11 12 11 11 14 11 13 12 7 14 8 18 15 13 12 15 12 10 11 14 13 12 16 11 16 18 14 12 12
16 18 19 22 17 16 17 12 15 24 19 18 16 17 18 22 12 16 16 21 19 19 19 23 15 19 22 14 14 15 17 12 15 18 16 16 18 16 14 20 17 19 20 11 22 14 20 19 16 14 19 20 17 20 18 16 12 23 10 19 23 17 16 15
13 10 14 18 11 11 16 9 14 14 16 11 13 18 19 18 11 12 15 20 12 14 13 18 11 13 20 10 14 12 14 11 12 11 12 18 11 13 12 12 11 17 14 10 16 12 16 15 13 15 11 15 15 13 12 12 12 19 15 17 15 15 14 14
10 16 15 17 13 16 14 12 16 15 20 16 12 16 15 18 14 18 13 16 17 20 12 22 13 14 23 14 19 16 17 11 13 14 11 16 12 16 16 22 16 11 15 8 17 11 15 17 16 13 14 20 12 14 15 11 12 19 13 17 18 14 17 14
14 14 15 17 15 13 11 12 16 16 16 13 12 12 17 18 14 13 16 14 16 18 12 18 14 16 22 16 13 17 18 13 14 7 15 16 14 15 12 15 11 13 17 12 15 11 15 16 16 15 17 12 15 12 13 15 13 18 11 19 19 14 14 16
12 14 15 12 16 14 14 10 14 16 20 15 15 15 14 17 11 16 13 15 15 16 14 19 17 17 25 15 15 17 18 13 12 15 16 13 13 17 16 21 13 15 15 12 19 12 16 20 16 13 17 16 13 15 13 15 14 12 10 18 13 15 16 15
12 17 19 20 15 15 21 15 16 19 17 18 14 17 20 22 16 17 20 16 16 20 18 23 11 18 26 19 20 16 20 10 16 16 15 20 16 11 17 22 16 16 18 11 20 11 23 21 17 17 19 17 19 20 18 14 13 21 14 18 20 22 18 18
15 14 16 19 17 14 21 11 14 21 15 15 15 17 13 15 13 16 17 17 18 17 18 26 13 19 27 14 16 18 18 13 16 18 18 17 18 15 17 19 16 16 16 12 22 12 18 23 17 11 16 14 15 18 17 17 15 20 12 17 21 18 17 17
11 19 17 15 11 13 17 12 13 16 15 13 11 15 16 18 11 13 19 15 13 16 18 19 12 13 22 15 18 14 20 9 15 17 12 21 18 16 17 17 9 14 17 13 18 13 20 19 11 15 20 15 14 14 11 16 15 17 10 15 15 20 16 17
17 20 25 24 20 16 25 17 20 20 20 19 21 23 21 22 17 20 23 19 20 20 23 27 17 24 28 19 21 17 22 14 17 20 20 27 17 19 22 20 17 21 24 17 23 15 23 26 17 17 22 22 21 19 18 20 18 28 16 26 26 25 25 22
16 17 18 22 18 19 19 15 18 21 16 17 12 14 14 19 13 14 17 18 17 17 17 23 12 15 24 15 23 16 18 12 15 15 15 18 17 14 18 19 14 21 18 15 18 15 19 20 15 12 18 19 15 19 17 15 14 23 14 17 21 19 21 15
15 17 18 19 14 17 20 9 13 15 13 14 16 15 16 16 12 15 17 16 16 15 15 19 12 15 23 18 19 18 19 9 12 12 11 18 15 12 16 16 11 18 19 13 20 12 18 19 14 10 18 18 16 16 12 9 14 18 14 16 14 13 18 14
15 12 17 14 13 13 19 11 16 19 16 13 12 15 21 19 14 14 18 19 8 15 15 20 11 15 23 15 16 14 20 14 13 16 15 18 13 16 16 15 9 18 18 10 18 12 20 19 16 17 17 16 19 15 13 16 15 21 13 18 17 20 15 14
13 17 16 21 16 15 21 12 15 21 18 19 14 15 17 21 14 16 17 21 12 18 19 24 14 14 25 17 17 17 22 13 17 17 17 20 18 15 18 20 15 20 19 11 21 16 20 22 14 16 19 15 20 16 19 17 16 24 11 20 23 21 18 18
15 21 19 19 18 15 20 12 20 19 23 15 18 16 20 23 12 14 18 17 19 17 24 21 17 17 26 14 20 17 20 13 18 17 15 17 20 19 15 25 16 19 18 15 21 14 20 20 16 18 18 21 18 18 19 17 15 19 13 17 22 17 21 19
14 15 18 21 16 18 15 12 16 18 18 16 16 20 19 21 15 17 21 18 18 16 16 25 12 17 26 18 17 18 19 12 20 19 12 21 18 16 17 21 17 19 17 13 21 14 23 19 14 17 16 21 15 21 15 16 16 20 16 21 19 16 16 15
16 18 19 18 18 14 17 12 17 21 19 17 17 17 21 21 13 19 21 19 18 17 15 25 15 16 29 17 18 21 19 12 17 14 18 17 16 17 18 20 15 19 20 15 25 13 24 20 18 16 20 17 14 18 19 20 18 21 13 20 21 21 20 19
12 17 17 15 17 15 17 12 12 15 14 15 15 13 14 16 15 14 17 14 14 17 16 20 17 14 24 13 19 15 18 13 13 15 16 16 17 16 19 19 12 14 15 13 17 10 20 19 15 12 21 15 13 14 14 18 15 19 9 18 20 16 19 20
17 20 19 22 17 15 24 15 15 20 17 17 17 18 20 20 20 17 21 18 18 16 18 26 15 18 27 16 19 20 21 13 17 17 16 17 18 13 17 20 15 22 20 15 22 11 22 22 22 10 22 20 17 17 16 18 17 22 16 23 20 20 22 19
13 10 11 15 8 15 17 11 12 15 14 12 14 14 15 14 10 11 15 12 14 14 12 15 9 9 19 11 13 17 20 12 9 10 12 14 11 9 10 14 10 14 13 10 16 9 14 17 17 10 12 15 15 13 11 12 10 12 10 17 11 11 11 10
15 20 23 16 16 19 20 14 18 20 19 18 16 18 20 19 17 17 17 14 17 18 18 23 10 17 24 18 20 17 18 14 17 14 19 20 14 13 17 19 18 22 21 14 22 12 23 18 15 16 20 17 18 15 18 14 12 22 14 17 22 19 18 15
14 17 19 21 16 15 22 12 18 21 19 20 15 19 20 21 17 15 18 19 17 19 19 25 15 18 29 19 20 17 20 16 17 15 15 20 19 17 16 23 14 20 22 13 20 11 20 25 15 16 18 21 14 17 17 19 17 24 13 19 20 23 20 24
12 14 18 20 13 18 21 16 15 18 20 18 13 17 19 20 13 15 18 19 14 20 17 21 12 12 26 14 20 17 23 15 14 15 13 21 15 13 16 18 13 23 17 11 21 15 22 21 18 17 18 21 18 18 16 18 16 22 16 19 17 19 16 15
12 17 13 18 15 14 20 15 17 20 17 14 14 15 14 19 16 12 20 13 14 17 19 22 12 12 20 12 14 12 19 13 13 16 14 17 17 15 14 19 13 13 12 12 14 11 19 19 13 15 16 16 16 10 17 12 12 18 14 19 20 18 15 14
12 19 16 20 15 14 23 13 13 15 20 20 20 17 20 20 14 14 19 20 17 20 17 23 12 18 25 16 20 18 21 15 15 15 16 21 14 14 21 19 17 20 18 16 21 12 22 20 16 13 16 16 17 17 16 16 16 23 15 18 20 20 17 20
15 15 14 15 12 16 17 14 17 22 18 11 15 16 14 18 13 15 18 14 16 20 15 20 15 15 21 16 15 18 21 15 14 12 16 18 13 14 16 19 15 16 17 10 18 9 17 22 14 12 22 14 15 10 15 10 14 18 12 18 19 18 16 17
15 13 16 16 13 13 14 9 15 17 16 11 13 15 16 17 9 13 16 16 16 18 14 20 11 13 23 10 15 14 16 12 14 12 15 17 16 14 16 15 13 14 15 12 18 10 17 14 11 15 16 14 13 16 14 13 12 18 14 14 16 14 11 13
9 12 11 16 13 10 11 10 12 16 17 17 11 13 11 17 12 10 11 12 11 16 14 16 11 12 17 12 8 13 15 9 10 14 13 13 16 12 11 16 9 12 14 7 16 11 11 15 12 13 12 10 13 10 12 12 11 14 7 13 15 14 11 12
14 15 17 18 15 13 17 11 12 16 17 16 14 16 12 17 15 13 16 14 15 14 17 19 12 13 21 18 17 17 17 10 16 14 13 14 16 12 14 17 10 16 11 13 20 11 18 20 16 11 15 16 15 11 10 16 17 19 14 17 17 19 15 16
15 16 17 18 13 17 17 10 16 19 17 18 14 16 15 17 11 16 17 16 11 18 19 18 15 12 23 15 13 17 17 10 10 15 10 15 15 15 15 20 10 17 16 10 22 13 18 19 13 14 17 19 13 13 16 13 13 19 9 17 17 16 14 12
11 15 17 15 13 14 18 14 17 18 15 12 15 17 14 17 14 13 16 12 13 16 15 21 11 16 19 13 15 12 19 12 14 15 11 17 15 17 16 19 14 15 18 11 17 11 16 20 11 11 14 16 14 12 13 10 14 18 9 16 20 18 19 13
